5.335716891999999767e+00,-0.000000000000000000e+00
-1.133671262184130502e+00,-2.848767394444691181e-01
3.492250389236919439e+00,-3.058745093053849562e+00
3.253550845510429390e+00,-3.277206000360646243e+00
3.518014170885144232e-01,-5.849010283342122030e-01
5.977658403596342040e-02,4.257336789211711991e-01
-8.858916116545803021e-01,-3.087137999528541066e+00
1.684307794316519669e-02,3.284678114889292289e-01
4.390456239922402304e-01,-3.761188252754699146e-01
-7.705139837231187450e-01,-9.048363644834278574e-02
-1.342199213269028135e+00,-1.679532182144750863e+00
-1.532127820000057206e+00,-4.036380028376589379e+00
-2.026837687504158936e+00,-1.318618490822656142e+00
2.564967704621727407e+00,-7.116704614900388748e-01
-7.217121841276963323e-01,-2.481896513425573048e+00
-1.616237075387210176e+00,-1.361402578164632171e-01
-9.700327123754424186e-01,1.436904605119857514e-01
-3.443730861212246364e-01,2.333035218105194986e-02
-1.111105379087766742e-01,3.210459948016638254e+00
3.817135905546735763e-01,7.215336446145874660e-01
3.108278097972592136e-01,-6.750325417744686973e-01
-5.281288363945775721e+00,3.277189702176551478e+00
8.012906462214719028e+00,7.475451306748404079e-02
-2.361723441991391503e+00,-3.566308536186148181e+00
-8.263575432064396153e-02,7.772289979941793270e-01
-8.417309063670082026e-01,3.167264145949814758e+00
-1.325595688053482490e+00,2.451139328563315622e+00
-9.185334478812534620e-01,3.619810452973610815e-01
3.741251771427243078e-01,1.316657226151547011e+00
-7.685693895682974563e-01,-6.404933034006057291e-01
-1.039765775853542795e+00,3.261718913486892024e+00
7.570700297994612527e-01,2.750548626979683497e+00
2.141107286983515046e+00,3.645900021445059203e+00
-9.971015985608104870e-01,-3.112127261175854365e-01
-2.695772061825341126e-02,-4.415008065882459753e+00
-1.992359183758210639e+00,3.643472020822607238e+00
6.563107219440595941e+00,-1.838197681110651516e+00
8.860132728526895818e+00,-2.236989086020451545e+00
4.908053449780123145e+00,2.007169851159763319e+00
3.830255314157361202e+00,1.039804675873251094e+00
1.115422229308320468e-01,-9.139622519915697296e+00
-5.913290297295879405e+00,-6.434617969230513879e-01
-5.293763654680795128e+00,-8.469569536764195661e+00
-1.980090561569505070e+01,-4.811476854028565242e+01
4.834369740437713503e+00,3.425451929765114301e+01
-7.507535898682940356e+00,1.490823873623499196e+01
5.807349231961291380e+00,2.245575048639403715e+00
2.839514346443268611e+00,-3.711484824535375537e+00
2.310703015517011405e+00,-1.493293728912019169e+00
-1.058496966995821964e+00,6.778858968335123691e+00
-1.344134405982930325e+00,-3.331162608122246738e+00
1.562665211553750932e+00,5.568644883154314940e+00
-6.254819526215018577e-01,7.960268216012393871e-01
1.190632502346402610e-01,-4.213643128586336495e+00
-3.221676501937297488e+00,-3.888614942890800563e+00
-1.294500363822871147e+00,4.656162196427040989e+00
-3.395752816917389616e+00,-3.570230660742319984e+00
3.243073197387091433e+00,-4.958405767814511034e-02
-5.536201402450307008e+00,-1.172122643072387671e+00
3.803523164880628471e+00,2.266656174754953845e+00
3.177879196482991997e+00,5.190399817103589442e+00
1.721239071574420798e+00,7.268658787846877800e+00
-3.909929945257180073e+00,6.401142141805540753e+00
3.106240018715782814e+00,1.972782548446633477e+00
-1.098091352461555648e+00,-9.388243084598268950e-02
1.710045721085439752e+01,-9.252133570585396427e+00
-1.527041517258679093e+00,6.735164327083214886e+00
-3.411138369198328579e+00,-3.230126299270821288e-01
-2.324716337217065387e-01,2.878855316346525584e+00
1.374690935297373962e+00,-1.448263350397235527e+00
1.824241306682976571e-01,-1.173625051505690298e+00
5.681796059870833915e+00,-8.680440652351389730e+00
2.000135841110362023e+00,-6.483412953639700049e+00
1.495496686991974222e+01,9.742612391069097599e-01
-2.908600755241117497e+00,-1.103235658164035460e+00
5.874248170750089315e+00,-5.879655647340775726e-01
-3.409561338175612466e+00,-1.103765502148881694e+00
-8.954419910504960001e+00,-1.560114479346912830e+00
2.440394662230554346e+00,-3.792498376499163548e+00
-5.318645360887847673e+00,-3.737732368815729345e+00
-7.995742146421875418e+00,-7.758548720896628836e+00
-3.836071617497784914e+00,-4.457270594954398035e+00
-6.462784038994302094e+00,1.137901393489286761e-01
-7.851389401048049166e+00,6.921000818927290688e+00
-3.007528485216987679e+00,6.439281140109975432e+00
-5.475666823270397998e+00,-5.522561570889549465e+00
-9.170399380517061161e+00,5.761298741548893432e+00
2.945546007552389511e+01,1.289507327467964082e+01
-3.259722458302531045e+00,5.678912233784997099e+00
2.418763636280346407e+00,-9.203576314398794977e+00
-2.676853870331399765e+00,4.286664489995863470e+00
9.328840532972719757e-01,-7.096067834923052153e-01
-2.628899993480387831e+00,4.786270920275051743e+00
2.401131062191991461e+00,-2.132415723015563369e+00
1.791955526360151651e-01,3.982281901996106654e+00
-5.287675085901747174e+00,-1.379994896572457108e+00
1.115952116097006064e+00,-4.525831333438611104e+00
2.373477532141510249e+00,-6.217619977391600772e-01
2.218160187185822529e+00,2.887142616131952000e+00
7.104841676618456781e+00,1.624596006654108749e+00
2.398878748044706022e-01,8.880561320178816942e-01
-5.533407957867018112e+00,-4.573392448912679598e+00
6.796301795090973208e-01,3.674584870477563214e+00
4.924835639562772371e+00,-1.236524125122936635e+00
-1.345559497452534004e+00,1.002128674844371625e+00
2.822901609875649864e-01,1.413558572852064321e+00
-1.334230388169374226e+00,-4.326740808650887615e+00
-3.261840237933805398e+00,-8.149223333821106863e+00
-8.316380748388501942e+00,6.973635445604328131e-01
-3.899549299655623802e+00,-4.659481224999902693e+00
3.065296659587179562e+00,-1.526199690819277421e+00
1.377373609811974653e+00,2.664529772411735831e+00
4.745663161546282538e+00,4.511262659304463796e+00
3.519221828114694972e+00,2.833571879068207622e+00
-4.204645122458093631e+00,-2.330679348135766382e+00
-1.211377782840297179e+00,1.983558660109864924e+00
-1.224213873564931720e+00,-3.899046046462005144e+00
1.283076665805333860e+00,7.175413397423683115e+00
-6.329703686425814269e+00,9.497948968602372588e+00
8.036063836149629491e-01,1.833193327867197908e+00
-3.528066089576162856e+00,5.212626789356920476e+00
-4.409146299149924175e-02,-2.001319725419287821e+00
4.330419211855395467e+00,-2.384366770548595582e+00
-2.733296532718569871e+00,1.105648402388517582e+00
1.393581292645275838e+01,-1.230455897200465110e+00
9.522317820329851301e+00,-3.442911996709152156e+00
1.254720059958774447e+00,3.947668364039359723e+00
3.499522156780777049e+00,-3.978974727559156044e+00
-4.874619124449856677e+00,-3.151725771069263438e+00
-1.335700887189428032e+00,-1.526461169673547502e+00
1.503087263955078789e+01,-1.598090326907306746e+01
-2.111216025661120810e+01,1.435656452483281775e+01
-9.333248647967302247e+00,4.552666758382977186e-01
-2.117687985705979603e+00,-3.636395999785217548e+00
3.630972569866135480e+00,-4.564523677016212311e-01
3.586037408763627976e+00,-1.756681806870370455e+00
-3.173631426976688985e+00,1.387683947719974054e+00
4.461379216427762806e+00,-1.098142773228825675e+01
1.626396201580609269e+00,5.571274150591182917e+00
-3.467181159424495007e+00,-5.557180597788256016e+00
-4.410484272796874272e+00,3.916028106305494028e+00
7.281758979787344987e-01,-3.965922663128563563e+00
-5.684921442915445766e+00,5.226001102854662683e+00
-2.857275402799253516e+00,4.481285473280777865e+00
-5.737153041078446591e-01,6.662460294266970173e+00
-2.704264896925853812e+00,-7.880387813075846459e+00
-2.195820797923047074e+00,4.166598261389018454e+00
1.293031329990375511e+00,-4.230108501420516198e+00
-8.345515092431829984e+00,7.683515187781058131e+00
2.371079558197997983e+00,1.703121057256017146e+00
3.980582168239718222e+00,1.161629394755574474e-01
1.055532283790065406e+01,-3.124646635728997257e+00
5.412681345729388305e+00,7.250537431812002609e+00
-3.211733861023367442e+00,-5.804320361199883926e+00
6.187135912859949904e+00,-4.137189125284319147e+00
-1.590672547634778056e+00,-1.273494379105761887e+01
7.439553209079958762e+00,5.763322527623231828e+00
2.489037049429993154e+00,9.735509325308578710e+00
-9.518981932223397280e+00,-6.304731483346585286e+00
-2.274712173802113657e+00,7.896099618884860227e+00
1.937485610795994795e-01,-8.400594586602530001e+00
-2.704160770274560477e+00,-9.988862062637622330e-01
-8.746797411218505403e+00,6.239665284213878893e-01
-1.243546220900520582e+00,-7.278757090340434388e+00
-1.257000958345257047e+00,-3.031752515534133607e+00
-7.698511494781416609e+00,7.726979747401946597e+00
5.409091616195042640e+00,-2.198170351200949391e+00
-1.731482146744145689e+00,6.529225718043797144e+00
-3.069493862616674562e-01,4.932908963521905221e+00
1.796883521145606011e+01,-2.806746962739501861e+00
2.549221252442257057e+00,3.418630299558137686e+00
-7.425666317666945737e+00,4.853910804035388438e-01
-4.657575641199302119e+00,-7.536218434630598928e+00
-2.560741432316618216e+00,-2.898091897994184762e+00
1.075442324885197287e+01,-3.579046295992677873e+00
-1.061877702943916901e+01,2.808193939198120326e-01
8.995056265054977018e-01,8.454171377929496245e+00
-8.429167879269763297e-01,-1.045869033809289661e+01
6.866878344758250208e+00,-1.222472156700790125e-01
3.276593534617114223e+00,-6.577483449749630395e+00
3.962968265310348404e+00,5.981511252219231523e-01
-3.582608332348952374e+00,4.388288500058354913e+00
1.516920605857352555e+00,3.322923974912061595e+00
2.851591216971751219e+00,-2.705799030208816180e+00
-2.067950264039142283e-02,1.037038960852416380e+01
-9.593806051938686963e-01,-1.797958265312395554e+00
-8.265302502521643113e-01,-1.575778731260511378e+00
8.821734095383479968e-01,-1.829189821734662047e+00
4.657524881205900691e+00,-3.680912923072781062e-01
-9.831634326790938516e+00,-1.499506921428157113e+00
-6.339827563376483344e-01,2.594074997199779187e+00
-4.941579577781825883e+00,-1.304409623062424828e+01
-6.714420911736169728e+00,7.017088546141934557e+00
4.889520283237594356e+00,-3.627627737590128909e-01
-8.031398423645623730e-01,-6.249616581858336239e+00
9.156357394649923265e+00,6.999137778010428690e+00
3.371214375176466493e+00,1.367536431163719035e+00
-3.384379519943432335e-01,4.135125604733045357e+00
4.493848568824656553e-01,7.684111152788554833e+00
-3.075134047611612687e+00,-8.582334401124176892e+00
-4.032698768979549264e+00,4.324844022235074803e+00
6.347947186117778529e+00,4.070448558629506941e+00
-6.039356990046080398e+00,-2.950227782418655131e+00
4.158988275077744490e+00,6.904004236244722925e+00
3.594225596240418596e+00,-1.272046272118555876e+01
8.601791666424347227e+00,-5.168142905652364227e-01
-1.209269930906735624e-01,2.827235605034246646e+00
2.538778548720395989e+00,-8.697310083045065809e+00
5.113507973338828450e+00,-6.557604862188243011e+00
-9.322142442196192036e+00,7.195662789480250510e+00
9.636480890386827092e-01,-2.963376151669461223e+00
-4.860700900198009933e+00,3.233895353753705848e+00
-1.300829483058818958e+01,5.439741910714376516e+00
-2.283678270692709233e+00,1.973667226178838163e+00
2.413124253260269469e+00,7.055205767439684195e+00
6.733063257676388247e-01,1.648871877515538209e+00
-5.324068328789364202e+00,-8.064109488497077649e+00
-8.463703559867057358e-01,-1.595889292858751141e+00
1.168998128292535554e+01,-7.752053935966061182e-01
-2.377349271162688460e+00,-1.038503350672507963e+01
-4.212311873118839145e+00,3.378417721430497345e+00
1.448051197635737530e+00,-5.936417525951287466e-02
-3.712943091736294221e+00,1.709822625225775106e+00
3.627026257885892946e+00,7.228667512314837396e+00
1.097947907485914776e+01,-3.245917299346249507e+00
4.093529286547949120e+00,6.332099625752263705e+00
2.066647465137609885e-01,-1.105701352890081424e+00
-6.738012831191974250e+00,-2.903257973618185162e+00
-3.219656258899354029e+00,-1.341954553472835432e+00
8.848607077614945027e-01,4.139624224850377843e+00
-3.303702165993918083e+00,-6.504683227799232803e+00
7.467055885019568962e-01,-2.760732912762892788e+00
9.183551758612640725e+00,3.722316594009171808e+00
-5.698056575802153745e+00,8.624116759444131475e-01
6.097576386781780045e+00,4.665700526711122897e+00
2.857367473935265689e+00,-1.335016968777136981e+01
-7.048272384915490463e+00,2.116915181194498174e+00
-2.222444375701159380e+00,8.594330901578812743e+00
-1.962831871040618292e+00,-6.120312522852127124e-01
-9.981112550828692420e+00,2.335583625592631662e+00
1.667524809289660404e+00,-4.507913846644701295e+00
9.384756343184492700e-01,3.922153761989919829e+00
2.922426120803944816e+00,-3.639613246668285118e-01
3.931110419435910330e-01,-1.139959726041709409e+01
-5.376977558127165047e+00,-3.969892506667550336e+00
2.627333301791619391e+00,3.303192914637018252e+00
-2.476563427529063777e+00,1.207529411082109760e+00
1.826249678677087207e+00,6.217050280058346701e+00
5.826958062852578557e-01,-1.768257872995071089e+00
1.064613695775528157e+01,5.014674894621282242e+00
4.002559898833804475e+00,2.037685581375508370e+00
1.010612988849071137e+00,2.198451893134158119e+00
3.686505490222707238e+00,-1.556535274322950357e+00
-2.418542069897803515e+00,3.702955189621199850e+00
-6.997264025948856769e+00,-7.448743222845811474e+00
2.953527490306682601e+00,-3.366611111675135604e+00
-8.836161110194343138e+00,3.772785080824752058e-01
3.102029384329032524e+00,-4.102389052366937960e+00
-1.274503832763828726e+00,7.547758739370465264e+00
-8.180455113900464426e-02,5.820957714883659762e+00
-3.417439073293603080e+00,-9.088021455121412018e+00
8.244822102403777109e-01,-1.560811662084766738e-01
6.759906130569591554e+00,9.307791205605296270e+00
6.654507089350367721e+00,-5.898641918448506161e+00
-8.271031599346803986e+00,-2.943112564906338768e+00
5.988281782528344976e+00,3.895196515687608940e+00
-7.669403894115204068e+00,3.200007517251677314e-01
-9.681855571610167743e+00,3.933419581557418887e+00
2.969689441427890486e+00,-1.653502254678754824e+01
3.008096639962944074e+00,4.949518205684974248e+00
4.056594789328718420e+00,-3.724048144646586067e+00
5.294937802953771033e+00,5.199523140335940319e+00
-4.662394740710025687e+00,-2.963102321274804218e+00
3.020695293884389176e+00,6.655120453946388182e+00
-7.629666478045278311e-01,1.650945349544053364e+00
-8.039714378786054993e+00,-4.745262402510672217e+00
1.410314339886945412e+01,-1.155135839708051559e+00
-2.155531008474188326e+00,4.642492115114055906e+00
-5.091520686530479622e+00,9.748943573115756323e+00
4.838398893655059041e+00,-8.933995607967579744e+00
-4.509954920234289233e-01,4.924434734256361246e+00
-4.751882665728414779e+00,5.659943997458773524e+00
-1.452558090100867005e+00,-9.268739249553501480e+00
-4.705128492324538669e+00,-4.761492995242313953e+00
6.214948763499853257e+00,-1.978708327716640625e-01
-6.918670261871991300e+00,1.351813306056067754e+00
3.301581851799256562e+00,8.182520530243479584e+00
9.763620230835354796e-01,-2.442082313943396699e+00
8.930029022968244412e-01,-6.860802986876468168e+00
-4.420468350114418854e+00,-3.603443856310682758e+00
8.467418927430466979e+00,1.217438039193820210e+00
-5.876400456312675935e-01,9.350770435255478574e+00
-7.795730876151795385e+00,-1.488936761733675596e+01
2.761016060484642320e+00,1.493035627437949664e+01
-4.960004551935755401e+00,-3.559404190634942289e+00
5.447381012531685940e+00,-1.335821562530639550e+00
-4.970027170731068367e-01,-3.815200341088866853e+00
1.384267036932273154e+00,1.274500765057555896e+01
1.012347934108920100e+00,-6.706534867196022098e+00
6.075661031136238677e+00,-3.443652868190682614e+00
-8.577320193982370000e+00,-4.152609354129309871e+00
8.251951296326168972e+00,-4.365627441261570318e+00
-7.846331910626075157e+00,-1.247494529971186372e+00
1.404546471596350266e+00,1.740244215859024735e+01
4.424481961343906811e-02,-3.558340466885024256e+00
2.204847557445202000e+00,-6.555297227410398442e+00
-5.378416945604087118e+00,1.016279333928505402e+01
9.009033075416596148e+00,-1.707501891746814326e+00
-1.409041822278430978e+01,-6.396979339820476618e+00
1.157733364073116888e+01,-5.827652439665875761e+00
-4.239025903336150591e+00,5.234281745296929245e-01
-1.275396075991340616e+01,1.161577761599908243e+01
8.692527896460379822e+00,-6.578368421750354855e+00
-7.159361034056964890e+00,4.195719278606853564e+00
6.982840986552558249e+00,-1.209798015135164917e+01
7.946470345304605942e+00,6.999033238343566055e+00
1.130600297433407952e+00,-9.867777610032494096e+00
3.760038553470457234e-01,1.336230936509229217e+01
8.115547734850543371e-01,2.670884678101067333e+00
-1.851919601396592441e+01,-1.657061657863792226e+00
1.697034930048849333e+01,-5.568976337883695393e+00
2.016955212100167039e+00,-3.931389597710524875e+00
-8.127953632669548512e+00,1.211425654573417532e+01
-7.154493464832505367e-01,-1.481521324903571823e+01
5.567484225596102121e+00,1.162676979244741560e+00
4.079008472384964001e-01,2.346991096443483826e+01
-9.271402460355737674e-04,-5.249382957628201396e+00
-6.289064188276451972e+00,-6.068856630315400125e+00
1.158272163162608592e+01,-5.838342964462379214e+00
-5.918553834069291142e+00,-5.725762208070568349e+00
-1.119966040779942773e-01,1.561555001559048028e+00
-2.885034535395555988e+00,1.067877887555125227e+01
1.278468850098495224e+01,-1.127193120236332780e+00
-1.159543680610763694e+01,-6.234666462306542201e+00
8.583777003924252469e+00,-7.547564216282918181e+00
-2.654926720212545277e+00,2.786681857629611159e+01
-3.820057727206931819e+00,-2.880476686156183774e+01
2.480410671120418353e+00,2.198880923834512657e+01
-1.098565153333977840e+01,-2.572630173803229781e-01
1.070698078154135580e+01,-5.703973499815568005e+00
-5.985168409744164641e+00,-1.420283177045123679e+01
3.519364786524157296e-01,9.510832276438812016e+00
3.512011258116509271e+00,1.416269285187404137e+00
1.122000973968325255e+01,2.161822788421791763e+00
-8.671758325224672603e+00,-8.835599647769516451e-01
7.232430693309386704e+00,-1.229062634175523749e+00
-4.854879559798350286e+00,-1.432755948985947292e+01
-5.084759493791326523e-01,1.490406839004803174e+01
-8.637942089572026916e+00,1.159573201222409011e+01
-9.598682041144079857e-01,-1.821603822930629235e+01
3.894687385380457556e-02,9.382399171848753383e+00
1.049495269554724075e+01,3.487768474025834564e+00
-2.129391776867087671e+01,-2.265765348414079838e+00
1.232840342803688571e+01,-6.163930555996813609e+00
8.975381584510508048e+00,-6.365512417031217396e+00
-4.627450430164159911e+00,1.110190109538787695e+01
4.719659785641013627e+00,-7.122139282268237004e+00
-6.304250532051979050e+00,1.314029640719767045e+01
-6.304250532051979050e+00,-1.314029640719767045e+01
4.719659785641013627e+00,7.122139282268237004e+00
-4.627450430164159911e+00,-1.110190109538787695e+01
8.975381584510508048e+00,6.365512417031217396e+00
1.232840342803688571e+01,6.163930555996813609e+00
-2.129391776867087671e+01,2.265765348414079838e+00
1.049495269554724075e+01,-3.487768474025834564e+00
3.894687385380457556e-02,-9.382399171848753383e+00
-9.598682041144079857e-01,1.821603822930629235e+01
-8.637942089572026916e+00,-1.159573201222409011e+01
-5.084759493791326523e-01,-1.490406839004803174e+01
-4.854879559798350286e+00,1.432755948985947292e+01
7.232430693309386704e+00,1.229062634175523749e+00
-8.671758325224672603e+00,8.835599647769516451e-01
1.122000973968325255e+01,-2.161822788421791763e+00
3.512011258116509271e+00,-1.416269285187404137e+00
3.519364786524157296e-01,-9.510832276438812016e+00
-5.985168409744164641e+00,1.420283177045123679e+01
1.070698078154135580e+01,5.703973499815568005e+00
-1.098565153333977840e+01,2.572630173803229781e-01
2.480410671120418353e+00,-2.198880923834512657e+01
-3.820057727206931819e+00,2.880476686156183774e+01
-2.654926720212545277e+00,-2.786681857629611159e+01
8.583777003924252469e+00,7.547564216282918181e+00
-1.159543680610763694e+01,6.234666462306542201e+00
1.278468850098495224e+01,1.127193120236332780e+00
-2.885034535395555988e+00,-1.067877887555125227e+01
-1.119966040779942773e-01,-1.561555001559048028e+00
-5.918553834069291142e+00,5.725762208070568349e+00
1.158272163162608592e+01,5.838342964462379214e+00
-6.289064188276451972e+00,6.068856630315400125e+00
-9.271402460355737674e-04,5.249382957628201396e+00
4.079008472384964001e-01,-2.346991096443483826e+01
5.567484225596102121e+00,-1.162676979244741560e+00
-7.154493464832505367e-01,1.481521324903571823e+01
-8.127953632669548512e+00,-1.211425654573417532e+01
2.016955212100167039e+00,3.931389597710524875e+00
1.697034930048849333e+01,5.568976337883695393e+00
-1.851919601396592441e+01,1.657061657863792226e+00
8.115547734850543371e-01,-2.670884678101067333e+00
3.760038553470457234e-01,-1.336230936509229217e+01
1.130600297433407952e+00,9.867777610032494096e+00
7.946470345304605942e+00,-6.999033238343566055e+00
6.982840986552558249e+00,1.209798015135164917e+01
-7.159361034056964890e+00,-4.195719278606853564e+00
8.692527896460379822e+00,6.578368421750354855e+00
-1.275396075991340616e+01,-1.161577761599908243e+01
-4.239025903336150591e+00,-5.234281745296929245e-01
1.157733364073116888e+01,5.827652439665875761e+00
-1.409041822278430978e+01,6.396979339820476618e+00
9.009033075416596148e+00,1.707501891746814326e+00
-5.378416945604087118e+00,-1.016279333928505402e+01
2.204847557445202000e+00,6.555297227410398442e+00
4.424481961343906811e-02,3.558340466885024256e+00
1.404546471596350266e+00,-1.740244215859024735e+01
-7.846331910626075157e+00,1.247494529971186372e+00
8.251951296326168972e+00,4.365627441261570318e+00
-8.577320193982370000e+00,4.152609354129309871e+00
6.075661031136238677e+00,3.443652868190682614e+00
1.012347934108920100e+00,6.706534867196022098e+00
1.384267036932273154e+00,-1.274500765057555896e+01
-4.970027170731068367e-01,3.815200341088866853e+00
5.447381012531685940e+00,1.335821562530639550e+00
-4.960004551935755401e+00,3.559404190634942289e+00
2.761016060484642320e+00,-1.493035627437949664e+01
-7.795730876151795385e+00,1.488936761733675596e+01
-5.876400456312675935e-01,-9.350770435255478574e+00
8.467418927430466979e+00,-1.217438039193820210e+00
-4.420468350114418854e+00,3.603443856310682758e+00
8.930029022968244412e-01,6.860802986876468168e+00
9.763620230835354796e-01,2.442082313943396699e+00
3.301581851799256562e+00,-8.182520530243479584e+00
-6.918670261871991300e+00,-1.351813306056067754e+00
6.214948763499853257e+00,1.978708327716640625e-01
-4.705128492324538669e+00,4.761492995242313953e+00
-1.452558090100867005e+00,9.268739249553501480e+00
-4.751882665728414779e+00,-5.659943997458773524e+00
-4.509954920234289233e-01,-4.924434734256361246e+00
4.838398893655059041e+00,8.933995607967579744e+00
-5.091520686530479622e+00,-9.748943573115756323e+00
-2.155531008474188326e+00,-4.642492115114055906e+00
1.410314339886945412e+01,1.155135839708051559e+00
-8.039714378786054993e+00,4.745262402510672217e+00
-7.629666478045278311e-01,-1.650945349544053364e+00
3.020695293884389176e+00,-6.655120453946388182e+00
-4.662394740710025687e+00,2.963102321274804218e+00
5.294937802953771033e+00,-5.199523140335940319e+00
4.056594789328718420e+00,3.724048144646586067e+00
3.008096639962944074e+00,-4.949518205684974248e+00
2.969689441427890486e+00,1.653502254678754824e+01
-9.681855571610167743e+00,-3.933419581557418887e+00
-7.669403894115204068e+00,-3.200007517251677314e-01
5.988281782528344976e+00,-3.895196515687608940e+00
-8.271031599346803986e+00,2.943112564906338768e+00
6.654507089350367721e+00,5.898641918448506161e+00
6.759906130569591554e+00,-9.307791205605296270e+00
8.244822102403777109e-01,1.560811662084766738e-01
-3.417439073293603080e+00,9.088021455121412018e+00
-8.180455113900464426e-02,-5.820957714883659762e+00
-1.274503832763828726e+00,-7.547758739370465264e+00
3.102029384329032524e+00,4.102389052366937960e+00
-8.836161110194343138e+00,-3.772785080824752058e-01
2.953527490306682601e+00,3.366611111675135604e+00
-6.997264025948856769e+00,7.448743222845811474e+00
-2.418542069897803515e+00,-3.702955189621199850e+00
3.686505490222707238e+00,1.556535274322950357e+00
1.010612988849071137e+00,-2.198451893134158119e+00
4.002559898833804475e+00,-2.037685581375508370e+00
1.064613695775528157e+01,-5.014674894621282242e+00
5.826958062852578557e-01,1.768257872995071089e+00
1.826249678677087207e+00,-6.217050280058346701e+00
-2.476563427529063777e+00,-1.207529411082109760e+00
2.627333301791619391e+00,-3.303192914637018252e+00
-5.376977558127165047e+00,3.969892506667550336e+00
3.931110419435910330e-01,1.139959726041709409e+01
2.922426120803944816e+00,3.639613246668285118e-01
9.384756343184492700e-01,-3.922153761989919829e+00
1.667524809289660404e+00,4.507913846644701295e+00
-9.981112550828692420e+00,-2.335583625592631662e+00
-1.962831871040618292e+00,6.120312522852127124e-01
-2.222444375701159380e+00,-8.594330901578812743e+00
-7.048272384915490463e+00,-2.116915181194498174e+00
2.857367473935265689e+00,1.335016968777136981e+01
6.097576386781780045e+00,-4.665700526711122897e+00
-5.698056575802153745e+00,-8.624116759444131475e-01
9.183551758612640725e+00,-3.722316594009171808e+00
7.467055885019568962e-01,2.760732912762892788e+00
-3.303702165993918083e+00,6.504683227799232803e+00
8.848607077614945027e-01,-4.139624224850377843e+00
-3.219656258899354029e+00,1.341954553472835432e+00
-6.738012831191974250e+00,2.903257973618185162e+00
2.066647465137609885e-01,1.105701352890081424e+00
4.093529286547949120e+00,-6.332099625752263705e+00
1.097947907485914776e+01,3.245917299346249507e+00
3.627026257885892946e+00,-7.228667512314837396e+00
-3.712943091736294221e+00,-1.709822625225775106e+00
1.448051197635737530e+00,5.936417525951287466e-02
-4.212311873118839145e+00,-3.378417721430497345e+00
-2.377349271162688460e+00,1.038503350672507963e+01
1.168998128292535554e+01,7.752053935966061182e-01
-8.463703559867057358e-01,1.595889292858751141e+00
-5.324068328789364202e+00,8.064109488497077649e+00
6.733063257676388247e-01,-1.648871877515538209e+00
2.413124253260269469e+00,-7.055205767439684195e+00
-2.283678270692709233e+00,-1.973667226178838163e+00
-1.300829483058818958e+01,-5.439741910714376516e+00
-4.860700900198009933e+00,-3.233895353753705848e+00
9.636480890386827092e-01,2.963376151669461223e+00
-9.322142442196192036e+00,-7.195662789480250510e+00
5.113507973338828450e+00,6.557604862188243011e+00
2.538778548720395989e+00,8.697310083045065809e+00
-1.209269930906735624e-01,-2.827235605034246646e+00
8.601791666424347227e+00,5.168142905652364227e-01
3.594225596240418596e+00,1.272046272118555876e+01
4.158988275077744490e+00,-6.904004236244722925e+00
-6.039356990046080398e+00,2.950227782418655131e+00
6.347947186117778529e+00,-4.070448558629506941e+00
-4.032698768979549264e+00,-4.324844022235074803e+00
-3.075134047611612687e+00,8.582334401124176892e+00
4.493848568824656553e-01,-7.684111152788554833e+00
-3.384379519943432335e-01,-4.135125604733045357e+00
3.371214375176466493e+00,-1.367536431163719035e+00
9.156357394649923265e+00,-6.999137778010428690e+00
-8.031398423645623730e-01,6.249616581858336239e+00
4.889520283237594356e+00,3.627627737590128909e-01
-6.714420911736169728e+00,-7.017088546141934557e+00
-4.941579577781825883e+00,1.304409623062424828e+01
-6.339827563376483344e-01,-2.594074997199779187e+00
-9.831634326790938516e+00,1.499506921428157113e+00
4.657524881205900691e+00,3.680912923072781062e-01
8.821734095383479968e-01,1.829189821734662047e+00
-8.265302502521643113e-01,1.575778731260511378e+00
-9.593806051938686963e-01,1.797958265312395554e+00
-2.067950264039142283e-02,-1.037038960852416380e+01
2.851591216971751219e+00,2.705799030208816180e+00
1.516920605857352555e+00,-3.322923974912061595e+00
-3.582608332348952374e+00,-4.388288500058354913e+00
3.962968265310348404e+00,-5.981511252219231523e-01
3.276593534617114223e+00,6.577483449749630395e+00
6.866878344758250208e+00,1.222472156700790125e-01
-8.429167879269763297e-01,1.045869033809289661e+01
8.995056265054977018e-01,-8.454171377929496245e+00
-1.061877702943916901e+01,-2.808193939198120326e-01
1.075442324885197287e+01,3.579046295992677873e+00
-2.560741432316618216e+00,2.898091897994184762e+00
-4.657575641199302119e+00,7.536218434630598928e+00
-7.425666317666945737e+00,-4.853910804035388438e-01
2.549221252442257057e+00,-3.418630299558137686e+00
1.796883521145606011e+01,2.806746962739501861e+00
-3.069493862616674562e-01,-4.932908963521905221e+00
-1.731482146744145689e+00,-6.529225718043797144e+00
5.409091616195042640e+00,2.198170351200949391e+00
-7.698511494781416609e+00,-7.726979747401946597e+00
-1.257000958345257047e+00,3.031752515534133607e+00
-1.243546220900520582e+00,7.278757090340434388e+00
-8.746797411218505403e+00,-6.239665284213878893e-01
-2.704160770274560477e+00,9.988862062637622330e-01
1.937485610795994795e-01,8.400594586602530001e+00
-2.274712173802113657e+00,-7.896099618884860227e+00
-9.518981932223397280e+00,6.304731483346585286e+00
2.489037049429993154e+00,-9.735509325308578710e+00
7.439553209079958762e+00,-5.763322527623231828e+00
-1.590672547634778056e+00,1.273494379105761887e+01
6.187135912859949904e+00,4.137189125284319147e+00
-3.211733861023367442e+00,5.804320361199883926e+00
5.412681345729388305e+00,-7.250537431812002609e+00
1.055532283790065406e+01,3.124646635728997257e+00
3.980582168239718222e+00,-1.161629394755574474e-01
2.371079558197997983e+00,-1.703121057256017146e+00
-8.345515092431829984e+00,-7.683515187781058131e+00
1.293031329990375511e+00,4.230108501420516198e+00
-2.195820797923047074e+00,-4.166598261389018454e+00
-2.704264896925853812e+00,7.880387813075846459e+00
-5.737153041078446591e-01,-6.662460294266970173e+00
-2.857275402799253516e+00,-4.481285473280777865e+00
-5.684921442915445766e+00,-5.226001102854662683e+00
7.281758979787344987e-01,3.965922663128563563e+00
-4.410484272796874272e+00,-3.916028106305494028e+00
-3.467181159424495007e+00,5.557180597788256016e+00
1.626396201580609269e+00,-5.571274150591182917e+00
4.461379216427762806e+00,1.098142773228825675e+01
-3.173631426976688985e+00,-1.387683947719974054e+00
3.586037408763627976e+00,1.756681806870370455e+00
3.630972569866135480e+00,4.564523677016212311e-01
-2.117687985705979603e+00,3.636395999785217548e+00
-9.333248647967302247e+00,-4.552666758382977186e-01
-2.111216025661120810e+01,-1.435656452483281775e+01
1.503087263955078789e+01,1.598090326907306746e+01
-1.335700887189428032e+00,1.526461169673547502e+00
-4.874619124449856677e+00,3.151725771069263438e+00
3.499522156780777049e+00,3.978974727559156044e+00
1.254720059958774447e+00,-3.947668364039359723e+00
9.522317820329851301e+00,3.442911996709152156e+00
1.393581292645275838e+01,1.230455897200465110e+00
-2.733296532718569871e+00,-1.105648402388517582e+00
4.330419211855395467e+00,2.384366770548595582e+00
-4.409146299149924175e-02,2.001319725419287821e+00
-3.528066089576162856e+00,-5.212626789356920476e+00
8.036063836149629491e-01,-1.833193327867197908e+00
-6.329703686425814269e+00,-9.497948968602372588e+00
1.283076665805333860e+00,-7.175413397423683115e+00
-1.224213873564931720e+00,3.899046046462005144e+00
-1.211377782840297179e+00,-1.983558660109864924e+00
-4.204645122458093631e+00,2.330679348135766382e+00
3.519221828114694972e+00,-2.833571879068207622e+00
4.745663161546282538e+00,-4.511262659304463796e+00
1.377373609811974653e+00,-2.664529772411735831e+00
3.065296659587179562e+00,1.526199690819277421e+00
-3.899549299655623802e+00,4.659481224999902693e+00
-8.316380748388501942e+00,-6.973635445604328131e-01
-3.261840237933805398e+00,8.149223333821106863e+00
-1.334230388169374226e+00,4.326740808650887615e+00
2.822901609875649864e-01,-1.413558572852064321e+00
-1.345559497452534004e+00,-1.002128674844371625e+00
4.924835639562772371e+00,1.236524125122936635e+00
6.796301795090973208e-01,-3.674584870477563214e+00
-5.533407957867018112e+00,4.573392448912679598e+00
2.398878748044706022e-01,-8.880561320178816942e-01
7.104841676618456781e+00,-1.624596006654108749e+00
2.218160187185822529e+00,-2.887142616131952000e+00
2.373477532141510249e+00,6.217619977391600772e-01
1.115952116097006064e+00,4.525831333438611104e+00
-5.287675085901747174e+00,1.379994896572457108e+00
1.791955526360151651e-01,-3.982281901996106654e+00
2.401131062191991461e+00,2.132415723015563369e+00
-2.628899993480387831e+00,-4.786270920275051743e+00
9.328840532972719757e-01,7.096067834923052153e-01
-2.676853870331399765e+00,-4.286664489995863470e+00
2.418763636280346407e+00,9.203576314398794977e+00
-3.259722458302531045e+00,-5.678912233784997099e+00
2.945546007552389511e+01,-1.289507327467964082e+01
-9.170399380517061161e+00,-5.761298741548893432e+00
-5.475666823270397998e+00,5.522561570889549465e+00
-3.007528485216987679e+00,-6.439281140109975432e+00
-7.851389401048049166e+00,-6.921000818927290688e+00
-6.462784038994302094e+00,-1.137901393489286761e-01
-3.836071617497784914e+00,4.457270594954398035e+00
-7.995742146421875418e+00,7.758548720896628836e+00
-5.318645360887847673e+00,3.737732368815729345e+00
2.440394662230554346e+00,3.792498376499163548e+00
-8.954419910504960001e+00,1.560114479346912830e+00
-3.409561338175612466e+00,1.103765502148881694e+00
5.874248170750089315e+00,5.879655647340775726e-01
-2.908600755241117497e+00,1.103235658164035460e+00
1.495496686991974222e+01,-9.742612391069097599e-01
2.000135841110362023e+00,6.483412953639700049e+00
5.681796059870833915e+00,8.680440652351389730e+00
1.824241306682976571e-01,1.173625051505690298e+00
1.374690935297373962e+00,1.448263350397235527e+00
-2.324716337217065387e-01,-2.878855316346525584e+00
-3.411138369198328579e+00,3.230126299270821288e-01
-1.527041517258679093e+00,-6.735164327083214886e+00
1.710045721085439752e+01,9.252133570585396427e+00
-1.098091352461555648e+00,9.388243084598268950e-02
3.106240018715782814e+00,-1.972782548446633477e+00
-3.909929945257180073e+00,-6.401142141805540753e+00
1.721239071574420798e+00,-7.268658787846877800e+00
3.177879196482991997e+00,-5.190399817103589442e+00
3.803523164880628471e+00,-2.266656174754953845e+00
-5.536201402450307008e+00,1.172122643072387671e+00
3.243073197387091433e+00,4.958405767814511034e-02
-3.395752816917389616e+00,3.570230660742319984e+00
-1.294500363822871147e+00,-4.656162196427040989e+00
-3.221676501937297488e+00,3.888614942890800563e+00
1.190632502346402610e-01,4.213643128586336495e+00
-6.254819526215018577e-01,-7.960268216012393871e-01
1.562665211553750932e+00,-5.568644883154314940e+00
-1.344134405982930325e+00,3.331162608122246738e+00
-1.058496966995821964e+00,-6.778858968335123691e+00
2.310703015517011405e+00,1.493293728912019169e+00
2.839514346443268611e+00,3.711484824535375537e+00
5.807349231961291380e+00,-2.245575048639403715e+00
-7.507535898682940356e+00,-1.490823873623499196e+01
4.834369740437713503e+00,-3.425451929765114301e+01
-1.980090561569505070e+01,4.811476854028565242e+01
-5.293763654680795128e+00,8.469569536764195661e+00
-5.913290297295879405e+00,6.434617969230513879e-01
1.115422229308320468e-01,9.139622519915697296e+00
3.830255314157361202e+00,-1.039804675873251094e+00
4.908053449780123145e+00,-2.007169851159763319e+00
8.860132728526895818e+00,2.236989086020451545e+00
6.563107219440595941e+00,1.838197681110651516e+00
-1.992359183758210639e+00,-3.643472020822607238e+00
-2.695772061825341126e-02,4.415008065882459753e+00
-9.971015985608104870e-01,3.112127261175854365e-01
2.141107286983515046e+00,-3.645900021445059203e+00
7.570700297994612527e-01,-2.750548626979683497e+00
-1.039765775853542795e+00,-3.261718913486892024e+00
-7.685693895682974563e-01,6.404933034006057291e-01
3.741251771427243078e-01,-1.316657226151547011e+00
-9.185334478812534620e-01,-3.619810452973610815e-01
-1.325595688053482490e+00,-2.451139328563315622e+00
-8.417309063670082026e-01,-3.167264145949814758e+00
-8.263575432064396153e-02,-7.772289979941793270e-01
-2.361723441991391503e+00,3.566308536186148181e+00
8.012906462214719028e+00,-7.475451306748404079e-02
-5.281288363945775721e+00,-3.277189702176551478e+00
3.108278097972592136e-01,6.750325417744686973e-01
3.817135905546735763e-01,-7.215336446145874660e-01
-1.111105379087766742e-01,-3.210459948016638254e+00
-3.443730861212246364e-01,-2.333035218105194986e-02
-9.700327123754424186e-01,-1.436904605119857514e-01
-1.616237075387210176e+00,1.361402578164632171e-01
-7.217121841276963323e-01,2.481896513425573048e+00
2.564967704621727407e+00,7.116704614900388748e-01
-2.026837687504158936e+00,1.318618490822656142e+00
-1.532127820000057206e+00,4.036380028376589379e+00
-1.342199213269028135e+00,1.679532182144750863e+00
-7.705139837231187450e-01,9.048363644834278574e-02
4.390456239922402304e-01,3.761188252754699146e-01
1.684307794316519669e-02,-3.284678114889292289e-01
-8.858916116545803021e-01,3.087137999528541066e+00
5.977658403596342040e-02,-4.257336789211711991e-01
3.518014170885144232e-01,5.849010283342122030e-01
3.253550845510429390e+00,3.277206000360646243e+00
3.492250389236919439e+00,3.058745093053849562e+00
-1.133671262184130502e+00,2.848767394444691181e-01
