8.874987000000000137e+01,-0.000000000000000000e+00
3.951183804918834142e+00,3.904682526074967797e+00
3.512157383585289949e+00,-3.277668860833003350e+00
2.968573736045372335e+00,-7.251410413959678891e+00
3.029768836727067871e+00,-6.064208582257951008e+00
4.321604058311249830e+00,-3.411715137971327749e+00
4.007086867527950957e+00,-4.532034715241428202e+00
3.261211231871427252e+00,-2.834993684297068661e+00
4.340215439999090208e+00,-3.670892315731658861e+00
4.856241428508303315e+00,-4.183537503286754777e+00
7.304857846827131240e+00,-2.102573187285599499e+00
5.644096695040609291e+00,-3.837836215134872386e+00
8.310352169262468891e+00,-2.719739251167788918e+00
8.549575797048355241e+00,-3.256922999237026772e+00
6.799088695138882699e+00,7.124484074313769399e-01
3.573220362831754926e+00,3.104431209614655351e+00
3.476142376514426591e+00,5.181977892004598019e+00
-1.058196015084208241e+00,3.890552029896472419e+00
-2.005467827652099544e+01,-1.931230151498767755e+00
-4.524951850780165330e+01,-2.796747233145930167e+01
6.086514927105585393e+00,-8.389691054594288744e+01
-4.999965727137491456e+01,7.682609837937800989e+01
2.896107086245166329e+01,1.903187168611200519e+01
8.422615411925649553e+00,8.885550205874854779e-01
-4.939149838802963099e-01,-7.261809814304974964e+00
-9.961643731332379126e-01,-3.264218867484699693e+00
2.134751090337781765e+00,1.577192387041593147e+00
5.735134912150950726e+00,-1.361790969578917654e+00
4.241311983867203095e-01,8.367034211154753542e-01
3.569756353831851303e+00,2.394200180985243342e+00
1.052983139101979493e+00,2.633832166946906916e+00
-4.030929852322425511e+00,-7.577931371018558071e-01
-3.128602111412017273e+00,9.764359747197548955e+00
-2.811204553975913178e+00,-4.451638440332749691e-01
1.062732613302215523e-02,3.860425272633588811e+00
-1.613476081743422608e+00,-6.373962393244459790e+00
-3.298567641549025709e+00,-7.153024932856578699e-01
4.976419956758811658e+00,-1.196485848446967992e+01
4.309031729746719108e+00,-1.752406458294355929e+01
5.230472026817087894e+00,-4.410823251879536500e+00
-5.809943967744668925e+00,8.975632165405881935e+00
-1.421435141680161252e+01,-2.501459231418616724e+01
-6.461476531159508596e+00,2.547986368326128925e+01
1.406119276924902550e+01,-7.760858303729636365e-01
1.035999111090361779e+01,-3.796302387357190611e+00
3.553634914308863024e-01,-4.039106848423203999e+00
-3.511782356004825800e+00,4.288556982082702973e+00
-2.349601942767129081e+00,9.729731984580912041e+00
-4.814867256737701551e-01,-1.905421351586201295e+00
-5.903543035292577734e+00,-6.468749205265080349e+00
6.529565505789592939e-01,-5.346453909317754771e+00
-3.535410495310383538e+00,3.740215035454610870e+00
-4.463849496705503128e-01,-1.239149770921238414e+01
-7.839799165100028944e+00,4.485780699899862611e+00
-2.563156438099656875e-01,-1.516224003789279351e+00
2.801563233711725331e+00,5.709810081868081921e-01
4.636003336256354856e+00,-4.196801990927994552e+00
3.975303803166296390e+00,5.373399988826671247e+00
4.119636109210267350e+00,1.104451295195387139e+01
8.594270211389540837e-01,-1.198940964315427493e+01
5.641735120370416467e+00,-1.560575215858242082e+01
-2.950381993383420998e+00,1.330830380753254616e+01
-5.892550346790882188e+00,-1.995796138618497650e+01
-1.974528245704007290e+01,2.342988704899006080e+01
5.703435450071832946e+00,7.250114471539815142e+00
2.543794948425379232e+00,-3.662591920760299935e+00
-4.430025214870546790e+00,-9.199799100711421929e+00
-5.981191810401684794e-01,-6.483790774904014675e+00
5.693708787777420621e-01,3.802415000601846007e+00
7.061188900143984704e+00,5.010830303264802055e+00
-2.080542958687006394e-01,-2.187345707074818346e+00
5.559348015373512197e+00,-4.555831726922772162e+00
-1.409530704469544204e+00,5.004710785376575544e+00
1.067009382393226957e+01,-9.378460593332460959e+00
-6.280216121269983631e+00,-6.831459147875307281e-01
-2.243578375974954131e+00,4.316278860282809937e+00
-2.040161840691679274e+00,3.020438529210380807e+00
-4.460669668587538439e+00,-5.147766903802155625e+00
1.380321771768838968e+00,-2.787770551912252426e+00
4.190178004002246936e+00,1.285759151441864923e+01
-1.436439581610710725e+00,-1.257555132153854172e-01
2.890262283251141984e+00,-1.552783858438878184e+01
-8.442201723126284918e+00,5.730033594093358218e+00
2.774771378480384687e+00,-2.030176371765217169e+01
-1.370245481580026592e+01,1.120934323214414619e+01
1.134101150129537849e+01,5.278865916793792579e+00
7.717916033688931421e+00,2.553868236197701647e-01
-3.984693662492517330e+00,-2.656173018222801829e+00
-7.494154926360273805e+00,-3.960279340422191652e+00
-5.977647357080524415e+00,3.855821076568420880e-01
3.315665468226455914e+00,8.874560071156444963e+00
-4.579072373997172818e+00,4.782402667426209675e+00
5.607347176550616652e+00,1.951792683133278583e+00
-5.700697672705659080e+00,7.616485952096323508e+00
1.702395127582923351e+01,-5.690628208375569486e+00
-1.741833722559280151e+00,-6.683121370694298236e+00
-1.787142073715710211e+00,-3.837891901908105363e-01
-1.257161217172258816e+00,6.891382701035908553e-01
-1.936335909570518599e+00,-8.443946829735438087e+00
3.537410041816641204e+00,-8.605987727617145921e+00
2.255305591427358980e-02,5.415158605337403230e+00
5.342150787781578813e+00,1.789530718987569102e+00
1.350079566652284768e+01,-8.848851867733682486e-01
-9.465169846848475288e+00,3.190979035472827352e+00
5.766432773497703224e+00,4.326097780225943712e-01
-1.507904853184093952e+01,-3.213040756405710408e+00
-2.277152751952820076e+00,1.266166917902844968e+00
9.857707661752144190e+00,-5.634075078927866187e+00
3.246487044341673567e+00,5.361458800676518477e-01
-1.027260803822514390e+01,-7.180685770135539769e-01
-1.710424586681548931e+01,-5.215455875749372083e+00
-1.446422583290440933e-01,9.943842387515516634e+00
-3.559833501093374153e+00,5.405141802472843260e+00
1.191702026068316655e+01,-5.286431525526701591e+00
-8.834137833241163307e+00,1.020996094377249186e+01
1.524536685438307515e+01,-5.099009614413113844e+00
-1.719570960353218769e+00,-1.218794305626068741e+01
5.633470094541097595e+00,-3.509774543063171048e+00
3.960543809540788551e+00,5.924847165265717308e+00
-2.248055939049052654e+00,3.419964533470355672e+00
-2.708951153776175680e+00,-5.130432155205610023e+00
-4.763122395035154888e+00,1.167018512877126568e+01
-2.881199578972879483e+00,6.071006631215404070e+00
8.909693603189463573e+00,-7.847785656936995480e+00
-4.127319649216186548e+00,-3.464838408756637733e+00
8.801029671867340198e+00,-4.259437876615308483e+00
-5.152108181344132731e+00,5.106549721679686016e+00
-2.057063549475430797e+00,7.855693376896715208e+00
4.007246835576284028e+00,-9.239301293585711505e+00
5.009366692053788483e+00,-9.450090303850037898e+00
-3.660960604118446149e-02,-5.774279737613236207e+00
-1.334233948683201376e+01,-6.725485449618869183e+00
9.327357223919605644e-01,5.216383429838270303e+00
-4.089923269519854188e+00,6.302097703926961003e+00
1.014691068943088048e+01,-7.463853714494857350e+00
-6.797874410345837504e+00,1.195156458681057998e+01
7.244649825813541888e+00,3.009409986050067154e+00
-8.040105422802110269e+00,-1.288786623579704749e+00
-3.476813554483492830e+00,-4.078765449054672088e-01
2.610030804741759525e+00,3.978309930880860046e-01
-2.347961019799849058e-01,-3.433636978465580136e-01
-7.340272040368432949e-01,-8.721893006232050993e+00
-2.245774528608341480e+00,5.886591854798206569e+00
2.334953947845257449e-01,6.178930822540845469e+00
3.952206820534475362e+00,-2.383320217876230718e+00
-9.694980859096332892e+00,-9.699272567346510776e-01
6.034187395915759922e+00,-3.408506540876139024e+00
2.008156069141131539e+00,1.912137235478186703e+00
4.978674383421229699e+00,1.013112747559851101e+01
7.949507938420691033e+00,-1.636543006529589395e-01
4.018278465073766625e+00,-5.847993377842231055e+00
1.027513044397161845e+00,-4.404852738385514499e+00
-9.573392255149929753e+00,-6.121207759961497352e+00
1.021447626170287615e+00,4.162837662445239673e+00
-4.776870560904284524e+00,4.990145138664839664e+00
6.322826623230499266e+00,-9.643861279068538295e+00
-1.068469651345862381e+01,3.179927643212188570e+00
6.746352013823076810e+00,4.708280453613287175e-01
-1.502699508331510225e+00,-1.429286262973907817e+00
-1.775963345152683281e+00,9.172378863642556279e-01
2.933245806084959106e+00,-8.470775609484626489e-01
1.312210984445735029e+00,-7.021373162999140494e-01
-1.536266889138298009e-01,-8.811560852035746905e+00
-5.643974218928747177e+00,-2.252810040374669143e+00
2.313964033891081407e+00,3.160691669258030689e+00
8.409790525202787137e+00,2.722188270152856582e+00
-9.193552054324154454e+00,5.290314810778149912e+00
-4.698358727555659975e+00,3.082083728918159071e+00
-2.099902529619678937e+00,1.280582532023699427e+00
3.140049022726065786e+00,5.534202496983962938e+00
4.654503660532196108e+00,4.222764814734816241e-01
3.257960528491763874e+00,-6.280440564574753637e+00
2.709390980786007042e+00,-8.359987460253023306e-01
-7.161738932381150669e+00,-6.120340290621564705e+00
1.967970710163814418e+00,2.874736976356520479e+00
-1.125379558174080641e+00,7.413083024602495463e+00
7.078032243013550939e+00,-1.058592428992739976e+01
-7.966212138045857039e+00,1.322653217696134753e+00
5.126518307439775768e+00,-2.800794071116310957e-01
1.400325645168552846e+00,-1.542617984267716569e+00
8.216833446183838818e-01,3.470832007711131817e-02
4.671649494033001560e+00,2.967313941388401988e-01
3.897884788330402639e+00,2.849891594692341545e+00
1.432129118650054656e+00,-2.522577095280357895e+00
-1.167225033420431046e+01,1.666113939985330195e+00
-5.620073151855878635e+00,-1.074721133794311001e+00
5.678630744469872482e+00,-5.421191571925869646e+00
