-1.636706400000000627e+01,-0.000000000000000000e+00
-1.900768395376801756e+00,4.030540011874861328e-01
-1.537389879478141319e+00,1.229802790228797793e-01
-2.003068836723234547e+00,-4.783305351766795610e-01
-8.087128178414002555e-01,3.137847296940975417e-01
-1.384160021720318934e+00,-5.772188444077608338e-02
-9.332955923978758506e-01,-7.519868358001216002e-01
-1.257575404314151157e+00,-3.088024618137747979e-01
-1.732817840395425080e+00,-2.655504148587151114e-02
-6.165113838701372639e-01,4.362388230304619086e-01
-3.441617904041653020e+00,-8.063206870350100308e-01
-1.238492861197665107e+00,-1.180906837906348983e+00
1.097994463569488932e+00,2.688556946313223506e+00
-2.908892252510804077e-01,-1.570521963535509435e-02
-5.173298305989324497e-01,-1.079147194182135117e-01
1.035563981463732741e+00,1.421561476833951954e+00
9.310832133759024964e-01,3.155814486067716196e-01
-1.287450134821009673e+00,2.043437430776385622e+00
3.708002154071567968e+00,3.198718149681846756e-01
2.169510215083002791e+00,1.290391518020782113e+00
-1.386377396586473409e+00,3.479671450063641203e+00
3.206710287688157912e+00,3.310566402007708575e-02
1.309179582532942199e+00,-1.140543221510050831e-01
3.167765835691526810e+00,8.793425864587423035e-01
1.589562464726962610e+00,3.669893114044860738e+00
-2.131512137096219561e+00,4.309969290748906445e+00
3.785057702504282418e+00,3.193744743049508727e+00
-6.057697146665931065e+00,2.357409498868042963e+00
2.644985991535069303e-01,9.326146144477838185e-01
3.461122460088461583e+00,1.302966035854201721e+01
-8.273226948060271368e+00,1.201782871219871396e+01
-1.686984141819518057e-01,5.640199834298796233e+00
-1.331841235832247783e+00,3.875607842743554077e+00
-3.964513443507578394e+00,1.366665365924540687e+01
-1.498276947733317765e+00,1.599268882654922663e+01
3.500323815986450260e-01,4.701127928968530156e+00
-3.300052662039032469e-01,1.145314143646143989e+01
-1.188604743353413795e+01,1.016818014578577944e+01
-1.367504204880673413e+01,2.186798923220946378e+00
-1.216655087854512018e+01,1.354698143191790827e+00
-2.115455932992863808e+01,-8.084782479867209659e+00
-2.701356480807539384e+01,-1.694944238123055769e+01
1.472407688123693603e+00,-2.212748139272384762e+01
-2.233733533782375602e+01,6.243545649511708540e+00
-6.424293493969425128e+01,-3.680312590166400355e+01
8.119894035793487674e+00,-8.947026666981039966e+01
1.330788684919382376e+02,6.793135899816962819e+01
-1.052587239424227619e+02,7.853035630089360097e+01
1.559847770176770609e+02,1.514380981608082948e+02
1.219073158912131873e+02,-3.817956956052074702e+01
4.976780520627116289e+00,-1.262934689819088590e+02
-1.274892462399728288e+01,-2.453033089816889145e+01
-2.014144487418890250e+01,-2.176955659927850917e+01
1.291472204287705594e+01,4.523170245920766774e+00
8.511112863251865335e+00,-1.744194199178293658e+01
-2.691706445666178560e+00,-3.981188018499587145e+01
5.933907502882295404e+00,-2.561184826723120267e+01
-2.617357643278363355e+01,1.224812696041078297e+01
-7.488352037966189201e+00,5.358348742216424654e+00
1.686997099759174290e+01,2.911272223137988391e+00
3.779061541182338502e+00,-2.435323555035621013e+01
-2.426063751352185349e+01,-2.277236840506509452e+01
-5.978478263347879462e+00,-7.586161863433474650e+00
-1.513532481175115407e+01,2.185810103689589923e+01
-1.958183853303000532e+01,1.488829235907771320e+01
-1.938195711364853224e+01,-6.602487074790213128e+00
-3.003859039478704140e+00,-4.620395897857543233e+00
-4.220981120544845311e+00,2.094791357789776498e+01
-3.403888295878118697e+01,1.685494837544879942e+01
-3.802799922525988752e+00,8.426476059751937697e+00
1.459497840685055614e+00,5.289958332414999376e+01
5.294860784357939387e+00,1.916054716587468221e+01
2.596168699077693098e+00,2.222257856745201110e+01
6.777408183938634423e+00,3.406774744595158211e+01
2.921326726490815773e+01,1.224967531868143134e+01
-7.357384348604554258e-01,1.144646376114843633e+01
5.205692173028263703e+00,1.014189831685221588e+00
6.444519651169783536e+00,1.469040309917565246e+01
1.423495643331396465e+01,-3.861499306024756883e+00
1.069183784360009071e+01,1.261944298093203898e+01
7.065063847850320045e+00,2.913632009184682659e+01
1.382932307044650244e+01,-9.255833470753159986e+00
1.413421412536363242e+01,-1.083707784123365059e+01
-2.339143371908400049e+00,-1.805249810594218829e+01
3.876732739487662727e+00,-4.918783751627366030e+00
-8.758242626864801039e+00,-6.687837450800039107e+00
1.474678503005844732e+01,-3.649016461943100609e+01
1.119722689011349814e+01,-4.348741259244947344e+01
-1.137602230225231459e+01,-8.665788613629459292e+00
6.412954787390106048e-01,-1.922772105969413303e+01
2.323555120982259226e+01,-4.542024310229398765e+01
4.966198444705970161e+01,-7.128565378191797919e+00
-1.062151317913878934e+01,1.976386832398915061e+01
-3.249320792056762031e+01,-4.226119693303179758e+01
-4.807583018228820038e+01,2.540565459881362642e+01
-1.276984801271215275e+01,-3.845168107557541504e+01
-1.852291863552873963e+01,2.426868092058754200e+00
-2.306877651703841536e+01,4.759419238073863312e+01
3.431315858696090260e+01,4.660914728642651994e+00
7.491235222694853313e+00,-5.021160157436605154e+00
-1.672025381954607326e+01,-2.615251749149561888e+01
-1.131738795508996276e+01,1.190964632020790503e+01
-6.766292486637212278e+00,2.337120141993227662e+01
1.507333465073437750e+01,-1.203924975264961006e+01
-5.408601348482963367e+00,6.999582396333668299e+00
-1.151749218877673187e+01,-1.454619232028076681e+01
-1.641289806454057043e+01,9.221410557204528402e+00
-1.221819285786222453e+00,1.055855115985324844e+01
3.218892284571729157e+00,1.715359535831741766e+01
1.112365960554494748e+01,1.889615042088820029e+00
1.369390227649746450e+01,-4.801028952272114125e+00
2.787491070348371736e+00,9.284630415291058370e+00
7.667584487984175468e+00,8.113030301688946011e-01
1.077084941520702088e+01,6.031515713148273505e+00
1.632315830555831582e+01,1.607806216415104927e+01
-3.629193690233964542e+00,-1.037170565598445826e+01
-1.337042156060688924e+01,-5.520044790378610067e+00
-8.580851155668865360e+00,-7.500227434596556719e+00
6.570841021531094839e+00,-1.940879866498179851e+01
-5.833544132627446643e+00,5.007749743051151725e+00
5.267580229093704602e-01,1.540747347321869043e+01
3.353286287915633324e-01,-4.658127627662272729e+00
-1.555631875686980337e+01,-6.137057299317030257e+00
-2.972344922911618781e+00,-7.716349931604264967e+00
-2.521218856372422490e+00,5.269767648626295653e+00
-3.712599248773408966e+00,-2.544261162379731545e+00
5.450995930700091918e+00,-3.802570268112328122e+00
-8.210265419508550266e+00,-1.037842102865069727e+00
6.704188720235193522e+00,7.656671174621241249e-01
2.048484281579717070e+00,-9.418828237786250668e+00
-2.511331105293206889e+01,3.630482278438081245e+00
6.442283433143094484e+00,-9.850956356685475868e+00
2.001704765022654797e+01,1.333177467981159658e+00
-1.303702666042471314e+00,1.971496766617011431e+01
-1.529491460745316544e+01,4.897149809622369787e-02
2.244712016841533853e+01,-1.536343493650645797e+01
1.718740743124754999e+01,1.091271555106862579e+01
2.059556944549388646e+00,2.835725188198365387e+01
-3.217420884758693944e+01,2.011161442118329745e+01
-6.203349667608906159e+00,2.934060737799699226e+01
-3.505576348278374610e+01,-1.691778723206975599e+01
4.646093314669138863e+01,-1.259274931184163471e+01
-1.009078734423810531e+01,-2.395287388211697888e+01
6.050912030465685376e+00,1.104077785964663327e+01
1.972450057886872798e+01,9.985983918933587944e+00
-1.955493750539527298e+01,-5.823157478092202410e+00
-1.948756544852518147e+01,1.752811616648934034e+01
1.419661044865265964e+01,-3.028929168422717311e+00
1.972930899175877073e+01,1.254420593811029860e+01
2.589855835449398569e+01,-3.312509976711179860e-01
9.082387774604816499e-01,-1.563562499618634583e+01
1.183924287614766513e+01,-6.014443005835867773e+00
1.927490612190735320e+01,4.513720853328135441e+00
1.792430561493137731e+01,1.454646279901887773e+00
4.142907297302073744e+00,-1.912627939597021864e+01
1.018842441836544044e+00,-2.780326536824534145e+01
3.930250037173183664e+00,-3.157905080305770440e+01
-4.723321552799449208e+00,-1.293952098677628726e+01
-3.904214201134231121e+00,-9.776687059117376677e+00
4.497640883730693595e+00,-4.472469792255653331e+00
-8.197228533991857136e-01,-1.783994723283563744e+01
1.223400876082402888e+00,-1.260256730661414970e+01
-5.330309191334907659e+00,-2.572722999042594605e+00
-2.999772350077159189e+01,1.116280424494592083e+00
2.626991477438161304e+00,-7.843970951842149653e+00
-7.404420107092153813e+00,1.360728811492944779e+01
-4.234535077477911358e+00,1.165471794620134816e+01
-1.554336300697709738e+01,9.737859175025139535e+00
-2.046970393949756684e+01,4.341840066271251963e+00
-7.235676279878591188e+00,1.095669650455414690e+01
5.872452710069565818e+00,6.016090158831149282e+00
8.007820800092257940e-01,-8.607073295796778822e+00
-2.512401859378573121e+01,1.328483238042153847e+00
-2.329454115186193519e+01,-1.379168588825230302e+00
-2.193661706014564672e-01,6.940997939869140154e+00
-1.005014575526524467e+01,-8.565537591960262764e-01
-1.505662758253279065e+01,-1.480909311433442888e+01
-2.359560183338217598e+00,-2.032861388355874865e+01
-1.318158718984777877e+01,-1.368123242898892045e+01
-8.911193406410429674e+00,-2.762841475243573264e+00
7.868392898130236013e+00,-1.611618131528158315e+01
3.129218336566452763e+01,1.116483045055358048e+01
2.284598229966522176e+00,-1.109470683863230445e+00
-1.280994073811800327e+01,1.421745992310304274e+01
-2.679143796446858872e+01,-1.498366665306860845e+01
-1.583675408281473906e+01,7.588321585295734195e+00
1.184169274999599963e+01,-2.318428951224750989e+01
1.192384641632805042e+01,1.099841176249463359e+01
4.761674493915278639e+00,-1.176288967028515842e+01
-7.605636875426757371e+00,9.456809395995286138e+00
-3.007617254699132658e+00,-4.311816155334963874e+00
3.457836318440409507e+00,-5.599474362346073875e+00
6.852578479895319319e+00,1.794914266780006074e+01
3.376792697335151416e+01,-1.261536539056553963e+01
-5.452436407969154963e+00,-1.532833262642825645e+01
-1.981374146044827000e+01,4.801104737266352451e+00
9.432170015830404708e+00,8.044006678867752669e+00
-5.588081635213558940e+00,4.986207376737961994e+00
9.681816024203600435e+00,-8.068943164382698541e+00
-6.593578227486164067e+00,6.860565629926276721e+00
6.106795761582135107e+00,1.086516734162576014e+01
3.152006627308506115e+00,2.299994806979398021e+01
-4.855897534704585183e+00,1.066339206462254730e+01
5.026933182660435762e-01,4.062113197211812299e+00
-9.513630569797335568e+00,1.455788628950037022e+01
1.663474441643778334e+00,-3.652242058770052147e-01
-1.737686383205188179e+01,1.429389991081065148e+01
-2.305078047107116390e-01,-3.485117048416242369e+00
-1.519296110828143753e+00,2.744757395036083736e+00
4.582600067178979941e+00,-7.616964840902529232e-01
-1.437450573945523580e+01,-5.176356178565715283e-01
-8.357498209316425175e+00,6.459886762931583704e-01
-1.744890783832342862e+01,-6.129415102827243444e+00
-7.248299481879305617e-01,-1.323323130745895959e+01
7.732049578481671404e+00,-1.362213182786425669e+01
-1.424207788775863293e+01,-2.973075615417338113e+00
-4.140554921622356943e-01,-6.905041772982356107e+00
8.949269623092973802e+00,-1.706306720925053355e+01
1.901373687856119687e+01,-1.128660887509474442e+01
-8.725977726671645840e+00,1.104846686185703142e+01
-5.910862118502310913e+00,-7.617918685724194283e+00
1.346945796652718919e+01,-4.103490444606348930e+00
9.232434610481522697e+00,1.674484618249250900e+01
-1.792673397475648400e+01,9.361589158258542653e+00
9.652795357551035238e+00,-3.653088126305250594e+00
-3.750551399411152786e-01,6.503928577760364149e+00
-1.566448464562593657e+01,2.309692039263429209e+01
-5.260017522155655101e+00,-8.157793712584904711e+00
-1.223976804899393933e+01,-2.694922726458055973e+00
-1.086554152136560258e+00,-4.349119508685654978e+01
1.629153768136050928e+01,4.853229130475915198e+00
2.245611302297939460e+01,-6.014899886473963342e+00
-6.607018675145464037e+00,2.410445558780266850e+01
4.168040258499216222e+00,-5.355405256892550092e+00
-4.861691095859210776e+00,2.283071830247131828e+01
-3.400412706550615560e+00,-1.512378992550972434e+01
7.858320400827967234e-01,3.376902561502805433e+00
-1.334160988964599337e+00,-4.471405313389071878e-01
-4.170118368851473356e+00,-4.164888039491311922e+00
-2.518336914499270662e+01,2.305234318062265686e+01
1.722595270457575367e+01,6.486600477929739483e+00
-2.165568927979019875e+01,-2.777997610390176675e+00
-1.244005956994810802e+01,2.246631688511079616e+01
1.981990991821336934e+01,2.104511682765671310e+01
-3.095568363910158105e+00,1.677823188210773697e+00
3.890564612504904929e+00,-1.299065267343670627e+01
-1.038800515509623779e+01,3.189206407806644883e+00
-5.702332668346830502e+00,8.304536049125637476e+00
6.313868674033560779e+00,4.746354459596302533e-01
-4.951081118243130241e-01,-1.361814720984820681e+01
-2.404295801049713965e-01,-1.243425454463017488e+01
-4.725638534220950149e+00,-5.167846706255669886e+00
2.359149420822887144e+00,5.712926079312275363e+00
-1.169033189240648696e+01,9.589551236760565089e-01
7.796840035983721329e+00,6.209508656809259008e+00
1.097169177506689586e+01,-1.124682975702741317e+01
-7.032163290771471509e-01,-1.144974147317254953e+01
9.469036337860107011e+00,-8.942265171255273870e+00
6.009771592080679348e+00,1.586886234609275981e+01
6.111524300950291533e+00,5.039283606621980383e+00
3.317402441355471687e+00,-8.091628348203988352e+00
5.416588312395925975e+00,-1.213358730368274330e+01
-4.046289945884058881e+00,1.963502905109709928e+00
-1.333028555396922599e+01,1.702831400498212844e+01
-6.876137091386100408e+00,3.801090428748237215e+00
-3.384899133268408633e-01,-6.663238113058950418e+00
-1.418217307718842513e+01,1.574194025074958248e+01
-3.156892404176868894e+00,2.985020388674369585e+00
4.709117055357337378e+00,-5.180861017934594415e+00
7.373941876416068908e+00,1.498175401144758112e+00
1.913860845669731248e+00,-1.120946810584326059e+01
1.060329372097510792e+01,-7.057953084415640177e+00
2.973810218308553743e+00,-6.235002408062491952e+00
5.160500036823188807e+00,-4.851173302343919636e-01
1.433613619819179874e+01,-2.960744415320067713e+00
-1.152074158178273500e+01,1.801978564517287396e+01
-7.999488396375619814e+00,-1.156578584689444966e-01
-1.714433060569661649e+01,1.098144859727843681e+01
1.064537471903620691e+00,-1.115315453534273082e+01
-1.077549600225449744e+01,-2.819068656384550842e+00
1.273971021880559462e+01,-5.117539476178478708e-02
1.972922950555149768e+00,1.535107975659269819e+01
-1.984661030862936215e+00,-5.223540967045629202e+00
-5.113555725055594969e+00,1.502703399148283658e+00
-9.295576678131027393e+00,7.546908631552415869e-01
4.230585798352195503e+00,4.010836801744843250e+00
-8.952999266959368541e+00,9.599711195733771518e+00
1.885487731952316892e+01,1.424453953164318243e+01
2.923475331038902780e-01,-1.328546829216836755e+01
-8.674656020040847793e+00,-9.222639625221049187e+00
1.306622370287010781e+01,-2.094998301977632593e+00
-2.438610417404151853e+00,-1.501897041048152914e+01
-3.097080681457821782e+00,-9.422116083079124849e+00
9.665328284166800898e-01,2.592708366423000399e+00
-2.057798549536586030e+00,-1.550642029936094790e+00
7.893146557525543727e+00,1.803625353291705480e+00
-8.592265620210383759e+00,-1.463021552694581118e-01
-1.254929898074058947e+01,-2.137365397939392953e+00
-1.867064301311507357e+00,5.160565925052374325e+00
6.578060794507392117e+00,7.185281906423153231e+00
2.732430851905713887e-01,-3.701975255943604992e+00
3.879480100355628736e+00,3.008287262046160926e+00
-3.151186841085955592e-01,6.272252610927617766e-01
-1.244669425652562822e+01,3.335486916231543475e+00
-4.406534788773544875e+00,3.980232620668902044e+00
2.153206916242929481e+00,5.289175855616425892e+00
2.344659563993959139e+00,8.563061013092294615e-01
-6.583734303778947528e+00,-1.999437604755508247e+00
-1.057895896062928287e+01,-1.393550543848517620e+00
-8.458472592101924370e-01,4.012643552119385504e+00
4.189489698157857767e+00,6.496563174602927759e+00
1.294892138789249003e+01,1.111977584367253247e+00
1.197985869871507170e+01,-3.958451594274647878e+00
-1.443441504139174825e+00,6.771819617696429816e+00
4.537067790068012307e+00,2.382292666102511003e+00
5.661008180417129942e+00,-1.552240135912102303e+00
-4.384507724923859762e+00,3.348129773291903977e+00
-2.126439814429671227e+00,-1.821943582529196304e+00
-6.463381405034278160e+00,2.320300625278095552e-01
-4.787460431189593635e+00,-1.144301036779288516e+00
-3.710066568552325972e+00,-9.091045625594644797e-01
4.249638127094115703e+00,-3.966634034764697336e+00
-2.512908079439409192e+00,9.099266611884244682e-01
1.107045387716810225e+01,1.178107082794749516e+00
3.678445232422575817e+00,6.720938295409303542e+00
2.153578735776450870e+00,2.616835370678023409e+00
-3.773384294312387865e+00,-5.877890535800940341e+00
1.822053999850785866e+00,-2.475484998666883207e+00
4.551596731702035603e-01,-3.445006470867546522e+00
-4.324307029556284654e-01,-4.180861729638429836e+00
-3.907032576079487285e+00,7.752200629739317561e-01
1.207459120868139557e-01,-1.548917802837994406e+00
3.713759303480113960e+00,-2.345252864758329281e-02
1.201450752774791964e+00,-7.057567740617042062e+00
2.194804505868926281e+00,3.321722962248551347e+00
-3.508692267194542858e+00,-6.637305422975847691e+00
-6.386337238979296060e+00,-2.856002943638735303e+00
-3.471718394956665676e+00,9.209571522906383478e+00
3.442969720437429881e-01,-1.085592731732699878e+00
-2.200710750095436818e+00,1.041686335020086229e+00
-3.993733859022450261e+00,5.302265935015721965e+00
-2.171928316016753513e+00,-3.315904885692360526e+00
2.153147923846618905e+00,3.223572865581658675e+00
1.497249487089301834e+00,2.784091607321725448e+00
-1.630824804035523545e+00,2.569818809462097953e+00
6.963174781810366198e-02,3.775181871732351535e+00
2.866470095858396405e+00,-1.852050137777024874e-01
-9.976201168681079201e-01,-8.310526569535308994e+00
1.207250996855820713e+00,-1.449782486123670777e+00
7.501954394674341664e-01,2.724974563783279180e+00
-1.585571182522128142e+00,2.599567896518178323e+00
-1.035779326757134688e+00,6.909731031494930065e-01
2.882028956321983415e+00,1.790398010223759329e-02
1.296365749648534571e+00,-3.077796680329575096e+00
-3.625411275549757395e+00,-1.311824386821625055e-02
-2.114838598948131310e+00,3.843401342816634703e+00
4.772846408333267121e+00,5.278962976476869073e+00
3.131645886890229713e-01,-1.104005070461727023e+00
2.774457878718274095e+00,-4.760566341009662139e+00
-2.285047630848447753e+00,-7.037383838317097684e+00
-4.727357001292326721e+00,-2.001865815551165717e+00
6.454264931469082534e-01,1.898114032441444499e+00
1.978683974467757789e+00,1.178543584278650469e+00
-2.333983648659915477e+00,-3.555622459973098781e+00
2.595203127631445561e+00,2.001718263086277538e+00
-1.161757186825290944e+00,1.769161622154070468e+00
-4.195074074093070315e-01,3.388762965904526858e+00
