-1.550512600000000063e+01,-0.000000000000000000e+00
-1.537176153152766567e+00,-5.643736181079859193e-01
-1.062835167983363416e+00,-2.103590840526960548e+00
-9.979950206689134351e-01,-1.398710811742740479e+00
-3.636956275277194450e-01,-7.146160205039642221e-02
-1.100053295038667223e+00,-1.847681373256387705e+00
-9.086966651342802681e-01,2.142134559825485951e-01
-1.548733963131569524e+00,-5.502549515164636418e-01
5.434670143573637757e-01,1.244033328409290817e+00
-3.450475098978037503e-01,-2.113261541605379712e+00
-5.602483261593915742e-01,-2.713593545800287998e-01
-3.257554788357883702e-01,-1.721630020155297203e+00
-2.072829830307148846e+00,-2.303089464767779315e+00
-2.565610876586642775e+00,-1.694934391462137757e+00
-6.710544174580914678e-01,-1.707009504626407326e+00
-3.718968960724364337e+00,-8.684794570878400233e-01
-3.670943401537364537e+00,-2.771197244989895836e-01
-3.840930539853562475e+00,7.524791306405260727e-01
-1.914236443020429279e+00,1.474608022968946219e+00
-5.462662304363496979e+00,3.385317297618950505e-02
-2.740152568006692491e+00,-5.520059013978109164e-01
-5.098014998872223202e+00,-1.100244250668386492e+00
-2.205333703026321590e+00,-2.613534406593923443e+00
-2.825818250080620153e+00,-1.147898428555846451e+00
8.473570398032050477e+00,-4.265707315199393612e+00
-7.492658519809980433e-01,1.302431634718415410e+01
6.641849371346052244e+00,-7.854107278644943513e+00
-2.880471125751461248e+00,1.802660579805360097e+00
-1.333058249431706699e+00,2.629729784713168428e-01
-2.175669175007526324e-01,5.080012766788594369e+00
3.527984254709227940e+00,1.480059111484141710e+00
-1.049609876262742825e+00,4.133521748267022566e+00
-1.821320605815263782e+00,-3.094789837568094004e+00
1.507829487224142451e+00,-1.543940805522612258e+00
3.337552845083648023e+00,-2.343607765666826381e+00
2.974473599769313470e+00,4.856733563050356750e+00
5.324420416099474807e+00,-5.588898766530645545e-01
1.696613240881925444e+00,5.562809949019008826e+00
3.451561001460965450e-01,1.749756238147659015e+00
8.064834966891776702e+00,-2.192096614823356049e+00
3.544790317307607630e+00,8.752281865807308492e+00
6.535844001467924436e+00,1.544604101721517608e+01
2.092437354504780522e+00,3.273244217833101821e+00
4.379599116370355816e+00,-8.237204613878663650e-01
1.431727937790779492e+01,-1.197548172038898073e-01
1.320617254061298951e+01,4.103697273097933085e+00
-3.950766657306959306e+00,2.530353499682484752e+01
-3.865812255299937306e+01,-8.868841740790099237e+00
-1.245247968518483361e+01,-1.609909511353534128e+01
9.580349310825585718e+00,-8.197277109125630901e+00
-5.814340025364452913e+01,1.011436489181396325e+01
3.678288544680457051e+01,-5.080891059880682548e+01
-5.429175272069998925e+01,-2.036112004212256021e-01
-5.047646675669442473e+00,4.662846231837195887e+01
3.404431267762714697e+01,4.690265148322563249e+01
8.908306633715433520e+00,-2.901159886740771299e+01
2.479380947018182457e+00,-5.523375093231406296e+00
-1.196203186266879825e-01,-1.283715963094055290e+01
7.577391470936069240e+00,-1.430192023990582761e+01
2.424720905775271440e+00,-1.055509159948459441e+01
-8.587412735598123348e-01,-6.344546265549077191e+00
-2.423791931605123295e+00,-1.117675466955538077e+01
1.004123736720160531e-01,-1.441061337374269513e+01
-1.221126880199316922e+01,-1.270996952254468759e+01
-7.688664790678147121e+00,-4.767788030288881096e+00
-3.200118107972939185e+01,1.043813924824824824e+01
-1.264008115047045067e+01,-8.186270107057687540e+00
-1.455428613795217707e+01,-3.422058912352496929e+00
-1.529092683552848086e+01,-6.413258837541429891e+00
-8.289992802586457543e+00,5.947743066249675969e+00
-1.430528568529467925e+01,5.186583571888380817e+00
5.668513303799762149e+00,-2.840701218620678148e-02
-8.541805389411537774e+00,2.036274477943733174e+01
-9.218452326078100612e+00,2.850698083705507102e+01
-4.389794307050950195e+00,-7.818538681348343289e+00
-1.509080393406648568e+00,1.642358204473413963e+01
2.186279974614266486e+00,1.322597922452703223e+01
2.082703430674189349e+01,2.788722906792847311e+01
1.535319889213487166e+00,-3.736708887362647502e-01
1.071282982536191675e+01,1.562172136875814488e+01
1.060226407680154637e+01,-8.390087973976280367e+00
1.158669066928111135e+01,6.377227203334657091e+00
2.000839751637493791e+01,-3.827467658625476332e+00
1.998366129655272871e+01,1.366469596660527408e+01
3.123416946862700883e+00,-2.016064954627733385e+01
-1.753295195345721424e+01,-1.579492970812590968e+01
-7.488192936697778634e+00,-1.561889647687114824e+01
1.469773929654983569e+01,1.735058208731160079e+01
-1.524451073178658156e+01,2.142332558332938675e+00
1.315646670254832173e+00,-1.358959541285798878e+00
-9.200471772364473111e+00,-1.669722168218677538e+01
1.663410640192003598e+01,-2.050692568965761353e+00
1.091323600100029623e+01,-4.283643686219814839e+00
3.083806375982475245e+01,1.171795547426527051e+01
8.649328601560664964e+00,1.245191340938504254e+00
8.406753515278486688e+00,1.001904048627713095e+01
1.868391525711689383e+01,1.457548978764055292e+01
-2.115463830067148976e+01,2.685086583515964165e+01
-1.617284942136074832e+01,-3.101021202036929481e+01
4.814106654187428447e+00,3.112859290187682149e+00
6.609556146218331207e+00,2.753335988849300975e+01
-1.653978257673217200e+01,-4.435475065447474208e+01
-9.048868170916533060e-01,6.266593284245088569e+01
3.922973907972641783e+00,-1.539382779298220782e+01
1.599563012380610161e+00,3.709737238006817250e+01
-7.459299250054668207e+00,4.565751659686488040e+01
5.805743400674106880e+01,-2.800623651327705232e+01
-1.973434228187670669e+01,-4.955779189215056846e+01
-2.035031737453285672e+01,-2.252674523782730631e+01
-2.152500921264466527e+01,4.869933280354521443e+00
-1.418125391628310084e+01,2.741038772936374102e+00
-1.650775461533544686e+01,1.400270425492795923e+01
-2.141216556249996295e+00,1.228601020180672521e+00
-1.264647812263940807e+01,-1.124427474554995143e+00
-5.887757763766028773e+00,-1.508097634200152370e+01
-3.069465862994360350e+01,3.261452066405432504e+00
-2.482925931904809147e+01,-2.429826214723389555e+01
-2.063142686827014671e+01,-4.302044257018675211e+00
-7.232262018516451008e-01,-2.107939423239142940e+01
6.153950676261146668e+00,1.501280735623377893e+01
-2.032938902800664493e+01,-8.537849050632440040e+00
9.551755849494973916e+00,7.770852871688792796e+00
-2.121615877999957434e+00,1.961255599947691763e+01
1.031743143637327975e+01,3.640466700361427499e+00
4.309124470898376025e+00,5.410086728623104690e+00
9.140974487733270593e+00,1.606557726284568233e+01
2.503782265030476850e+00,-3.025866717816284535e+01
-1.451363686679772869e+01,6.872019895862887751e+00
-1.042081051032961092e+01,-9.905692955967158042e+00
2.167838652776251962e+01,2.647836281255970547e+01
2.615325143201615887e+01,1.410236917970613568e+00
1.712832274480881978e+01,1.134272105606101633e+01
-2.520190503756526823e+01,-8.259786864236421167e+00
1.244599923889550475e+01,1.563736089444165245e+01
8.609475454096267910e+00,3.266244201811794312e+00
1.818387924538894040e+01,7.008575120653157242e+00
9.865731508363815294e+00,-2.612601800981244082e+01
8.056494628521502221e+00,-2.083291343491402969e+01
-1.187761659347495780e+01,-2.005944030525621713e+01
-3.203298708800343952e-01,-1.621863882717597072e+00
1.306391387268867632e+01,-1.487388277085958066e+01
2.715492335462581863e+01,-1.439350647229542801e+01
-2.907152353326114991e+00,-1.231273641859597845e+01
1.772709134406502329e+01,9.554053589491180887e+00
-1.813416180901101527e+01,3.449382981624040667e+01
-1.554658656505516490e+01,4.095320079896563925e+01
3.955140152135223630e+00,-2.373478823177528341e+00
6.184122393480558699e+00,3.063338022466633959e+01
-4.014703616537988751e+01,1.061062184360376115e+01
7.814748445819695633e+00,-1.717146917926497096e+00
1.987604951430094502e+01,-1.031714244490638599e+01
-7.195074787315214770e+00,-7.607000857828910334e+00
2.478537557840202687e+00,-1.118134390274680978e-01
-3.435522430613561085e+01,-3.756207686415180547e+00
-1.778495893259944438e+01,-2.090905785027267427e+01
-1.521329030495948587e+01,-6.748216455169270489e+00
-3.237620570786229024e+01,-1.576686701553864722e+01
1.895448265204147553e+00,5.364935379985158903e+00
-1.807487129471677223e+00,5.522361677966510562e+00
-3.467317586151189346e+01,-1.032483893338158509e+01
2.149690120419055361e+01,-2.320746128882318615e+01
-1.567615790623061223e+00,-1.076184447326563820e+01
-2.058660231603334267e+01,-2.176514076395270436e+01
-1.481639228650858620e+01,3.261494847562866450e+00
9.696575075558214962e+00,-1.509506420233984514e+01
9.374556082940465274e+00,-2.210702061868914825e+01
4.397731815135390576e+00,1.319781638853057970e+01
-1.497195216965285880e+01,3.421976973649536546e+01
-3.955392564965886315e+00,3.267482697940914171e+00
1.079834515282234619e+01,1.248642123775168855e+01
-3.145866578358401711e+01,1.266707451952463614e+01
2.443300694386780236e+01,4.536443674918507085e+00
9.264543324268732505e+00,6.416048378865799151e+00
3.852082602893584351e+01,4.058764273187543381e+01
1.781300438616828075e+01,-2.703578060905065250e+00
2.445751050262884085e+00,-1.320728052662159868e+01
3.470134473004935671e+01,-8.040607652084345247e+00
2.766638625749550329e+00,2.240303909510416247e+01
4.625994133268342523e+01,1.361435469114986141e+01
-2.291717383139648945e+01,4.504177377211760813e+00
1.602346069134045337e+01,8.484917165636616687e+00
6.263301613222751030e+00,3.345486535924403881e+01
-5.824427925560610397e+00,-2.785982811023224315e-01
1.603886872540461894e+01,-1.001160409695096654e+01
5.054195344776293730e+00,-5.456974039072798632e+01
-3.378037699114351256e+00,-1.606751209581945261e+01
-3.810519196526409758e+01,-8.544111256573543756e+00
1.899329215981734098e+00,1.309041712848445727e+00
2.627067999121486608e+01,-3.126901523785188175e+01
2.144898638342620600e+01,-4.798623862358697068e+01
1.954980645783981430e+01,-5.043792938506526013e+01
4.190789350248245171e+00,2.803123873271986355e+01
-1.206174993778763671e+01,2.713653794007140618e+01
3.218833540299333862e+01,5.072956407027568559e+00
-1.458703857288358741e+01,5.947745776377306015e+01
-5.641757213723774811e+01,-8.087893505603261701e+00
-4.567670655656111478e+01,-1.657252096252388185e+01
4.176719949793230313e+01,-1.145974255888205207e+01
-2.790101278470569923e+01,2.747335817610451514e+01
4.506666025821307642e+01,-1.671348567395642704e+01
-4.174409090160568780e+01,-1.206864858042960442e+01
2.134038542189523113e+01,1.996828810297425960e+01
-8.389630277113219847e+00,-3.109229181049472857e+01
-1.408737846747249733e+01,2.602931727486066649e+01
-1.614714170781491731e+01,-7.111148470292829415e+01
-2.287672037030295513e+01,1.958656443570227523e+01
-7.927587192942600325e+01,3.634238188971139039e+00
6.672496725118615757e+01,-4.464839591316044221e+01
-6.529640233242008662e+01,5.629987365051930936e+01
2.232781418746793634e+01,4.089042140017969018e+01
2.072911941375266309e+01,-1.356101927272277763e+01
-4.198561424949745913e+01,2.293242790098489081e+01
6.832632950847333575e+01,3.961759093008366506e+01
9.494823938150126708e+01,-4.714057692514107600e+01
-1.114372234910789317e+01,-6.516741430546932179e+01
-5.533707550485610227e+01,-7.429884385541548397e+00
9.229036666116620324e+00,2.475796619124956166e+01
5.919959485554016965e+00,-6.353613576672890062e+00
-1.007456996634343405e+01,-3.396721296223054054e+01
1.396801906180105135e+01,3.733597357980551834e+01
3.260558478672262339e+01,8.448318634008280981e+00
1.487335165647243507e+01,-3.602077019059906604e+01
-2.318811150569668555e+01,-2.069201291922369279e+01
2.878312106042333340e+01,4.849536337433100641e+01
-1.008204561554289214e+01,3.265116404015068952e+01
1.156270242866537856e+01,2.794043556006043616e+01
3.337419451694740502e+01,1.106848721512820610e+01
5.709280013855545732e+00,3.576285520282402786e+01
1.098546469399215297e+01,2.858171713067883246e+01
-3.351239715013859666e+01,2.114305385299309492e+01
1.755302808456535502e+01,-1.584444158625663235e+01
6.326770009091021052e+00,-8.426200129122118909e+00
8.769126810857997611e+00,-2.155046295017719871e+01
6.818493753984025574e+00,1.989907080691913421e+01
-1.453420505041374255e+01,-2.348282474832553035e+01
1.982630050739361138e+01,-2.438018470813381455e+01
-2.719051820535950270e+01,-1.652824219145923124e+01
1.088175779028706636e+01,-1.917568603840181041e+01
4.790416493446580048e+00,1.693385484809719088e+01
1.842614359020849335e+01,2.318055838208147179e+01
6.090259777168237321e+01,2.143413914822473743e+01
6.513214713897695241e+00,3.332124700029997655e+01
-5.866418948179705239e+01,-3.074113964472178395e+01
-2.669423064572736237e+01,-3.824733940385844733e+01
1.455721122099377496e+01,3.451706748016600557e+01
-3.188438743777896534e+01,-1.447195043487083232e+01
-8.044228749314918048e+00,2.916691089836617401e+00
1.472284103098730057e+01,-3.586475391277758717e+01
-9.473157102852647782e+00,2.027446594233375521e+01
2.250535160463584106e+01,-1.238455701186419233e+01
-1.872920812610514218e+01,1.843105994821700833e+01
2.869612209062181662e+01,-1.331742598971412583e+01
-2.552405110653317166e+01,-7.405154125484712857e+00
-1.385113431278053753e+01,-9.238587649745824137e+00
-5.144060815879749171e+00,-5.168827152122535296e+01
-2.215232787001987447e+00,2.582732761036425728e+01
-5.145783194094965296e+01,-1.051209424641760259e+00
5.088494611203451257e+00,-3.081320801310454982e+01
-4.903634679079969771e+01,6.858938915498069377e+01
4.717092593488491303e+01,-2.957052960076710590e+00
-2.137333619641081484e+00,1.616114335761964504e-01
-1.141643499572459319e+01,3.681663801031861283e+01
4.651130487752965337e+01,-3.414119990122078008e+01
-2.101624383708750798e+01,-2.831748764498237847e+01
1.075966109443577068e+01,1.631790378702331878e+01
4.237822714283107928e+01,-2.443106423184969600e+01
-1.386067853555099916e+01,-5.375934434152624419e+01
-6.803032939416372926e+01,-7.688919006837837244e+00
-1.027752412993439535e+01,4.045279155705797081e+01
3.913634197903934364e+01,2.183589820048269559e+01
3.590734887172615686e+00,2.236284763828169986e+00
-1.275203248927956956e+01,2.276353929208178783e+01
1.888308856516531620e+01,-3.156501050577425804e+00
3.910355193225170467e+01,-9.840182065723642069e+00
-2.702875498112445030e+01,2.555912467386631803e+01
-9.373367583907612044e+00,5.587481197160470003e+01
9.215326776326969949e+00,4.067624900209100502e+01
2.513382057003870074e+01,1.615050349620312353e+00
1.826451839320461801e+01,-1.681521318789971176e+01
-9.296633290350673207e+00,-1.018356494316778260e+01
4.077456435874570850e+00,-2.745663618599152755e+01
4.115812446069919694e+00,-2.211866466023677535e+00
2.188497650483102319e+01,-1.413274018147347277e+01
-2.940608160655239800e+01,-1.046775457274919319e+01
-6.047458475006134648e+00,-3.041892305122333084e+01
2.386291474409703994e+01,-3.001845402130381402e+01
-5.029126354830606438e-01,-7.807102133460846360e+00
3.940911917555425958e+01,1.523350597436222387e+01
-1.324231372624045200e+01,2.832928431209315434e+01
-4.628116448229128821e+01,2.036863959887069697e+00
-5.704478543923181988e+00,-1.622227550934292850e+01
-2.574867690270895793e+00,4.136512256514421892e+01
-3.485699098774546201e+01,-9.581468647842349640e+00
-7.346648301538714065e+00,-1.104379444885598538e+01
2.078995938037645175e+01,-2.114548015820441762e+01
-3.137894243945049766e+01,-1.787871953070629072e+00
2.168848137028136058e+00,3.162802315025788147e+01
3.962955974249480207e+00,-5.877872176733627274e-01
1.813079822168551303e+01,1.855364770445798683e+01
-1.482652599105878011e+01,-1.826082304055435301e+01
-1.811751543331193304e+01,1.415345706964875916e+01
3.030548573966419568e+01,-2.755382594783934280e+01
2.156797856419883530e+00,1.829455601773565832e+01
6.072724252737337736e+00,-1.730581736281598637e+01
-5.789731319103610829e+00,-2.539086814116591384e+01
1.208131771469731675e+01,8.693399381029047746e+00
-1.425568794172574982e+01,2.737535461237168732e+00
3.033178202476753071e+00,-1.446872796176341680e+01
-3.053860909357179665e+01,4.778016445588768590e+01
1.092138991301742834e+01,-3.889968380385242597e+01
-1.443490372779076303e+01,2.986208577485514226e+01
1.342781878740269974e+01,1.177423092774803237e+01
2.447175178041738519e+01,-2.175311654761590674e+01
-1.277615582703801067e+01,4.666297665005750162e+00
2.393513073962215643e+01,-5.583801441337978844e+00
-1.744734554967977580e+00,-2.547624844577811842e+01
-3.623657537553665264e+00,1.230997862096490536e+01
1.116842923396786924e+00,9.352122434946030793e-01
-8.141433549426412952e+00,-2.253115349914259724e+01
-3.560035131241510697e+01,-8.042454470229927210e+00
-6.297186481133458358e+00,3.538748155630948133e+01
3.010311454854871727e+01,2.049833784293637251e+01
1.384065630646823664e+01,-2.165142828372945871e+01
2.496565683996928797e+00,7.602622734713357922e-01
-4.799895921633625662e+00,1.630982688244800372e+01
1.098455004494212162e+01,6.627928746335998156e+00
-1.444072188588356731e+01,-5.238448427805460383e+00
-1.903254347029603721e-01,5.115012361806071439e+00
2.145494534530782005e+01,8.573038455409792036e+00
2.061693946850061110e+01,1.966012384933139234e+00
-3.782525005365801718e+00,-1.619853154020620423e+01
-1.109055672160569550e+01,-1.237873519937271993e+01
5.928373900171674649e+00,-2.028552819190267442e+01
-6.641272995866197348e+00,1.764531442275470852e+01
1.455225611964235455e+01,-2.379640990956465174e+01
-3.694302852559250838e-01,5.543280404174109499e+00
-9.401652140349815667e+00,2.510873284990164045e+00
6.037199446511277934e+00,2.645324417979235676e-01
-1.789738359718817051e+01,2.077816263726514379e+01
2.490842080428610217e+00,1.292119759504270249e+01
-1.021146992625242689e+01,-4.715796897890530914e+00
4.908507870173057341e+00,5.886271242123350511e+00
-4.494491271636830376e+00,4.033529236900083248e+00
6.874500956739769464e+00,1.494079571813929341e+01
5.494261245205752431e+00,4.748080757158593457e+00
1.232819405028640425e+01,1.041347993564663099e+01
7.775144056520344016e+00,-1.458495258904758884e+01
-1.624768987412018362e+01,-1.570319716214681982e+01
-5.929006784950322739e+00,9.996812549421921545e+00
9.013337932044478862e+00,4.095078318869865619e+00
1.630780626837377412e+01,2.605057379794066819e+00
-2.055115086057419660e-01,-1.794679938121479523e+01
7.451058911739539603e+00,4.887199002206519260e+00
9.359520685823863317e-01,-1.019703722762232800e+01
-2.976661771701245129e+00,-7.273849953085865572e+00
-7.729159780934525159e+00,8.056960615317458885e-01
-7.333378189075218323e+00,2.987616941029253681e+00
-6.755493755218076046e+00,-4.591614299734732896e+00
-6.127603538681215767e+00,7.983886087646798302e+00
-7.708997197090813103e+00,-1.824569393045559806e+01
1.709064717725254923e-01,1.286425224267955514e+01
-3.305953295464698627e+00,9.677176917932071021e+00
-9.314450751057830047e-01,-6.062858042719645013e+00
-2.147366971431658556e+00,1.285058065587162623e+01
1.507487393696547251e+01,-2.340381765859156360e-01
-8.657924085171876172e+00,-7.594121126544515654e+00
-4.637786494458733699e+00,-3.805251801318993099e+00
-9.514930399271037231e+00,-5.836959869870103290e+00
-1.234863900413250004e+00,-7.211671260770918579e+00
-4.729250359696699491e+00,-7.704779205888531379e+00
4.526207903313435921e+00,-1.011277227615300234e+01
-2.252244230313706019e+00,-3.198140617420906384e+00
8.366333408030936170e+00,1.277999670181634428e+01
1.307779572646033373e+01,1.281144670400505881e+01
6.046793979433259025e+00,-7.190107543647216382e+00
-1.433737236227695888e+00,6.084417599060693682e+00
-4.094487714569305936e+00,3.091048384169567953e-01
5.718777367927253330e+00,1.402559437350960536e+01
-6.128550806355846703e+00,9.339402547608901983e+00
8.678221991784136335e+00,-1.657945290741249522e+00
-4.343108581991074857e+00,7.965743853615059322e+00
2.235085021018250018e+00,-1.650595126926388545e+00
6.953035180439821161e+00,-2.614080317713057156e+00
1.262151670795024216e+00,8.485905445502103461e+00
-6.429206092715089582e-01,-2.420779307243365253e+01
1.046103351588608987e+01,2.317867258821847187e+00
2.571462952530585433e+00,-8.363078077210523986e-01
-5.003341946294877829e+00,7.078279195880980978e+00
-6.555907960342741703e-01,4.420016797042723766e+00
8.566422620167132962e+00,-1.536565106298670713e-01
-8.134477243308996464e+00,5.794133166501481469e+00
3.032627135939323537e+00,-5.317952183128813459e+00
3.922085063442887432e+00,5.081153536967436324e+00
6.992117789946057371e+00,-3.746202647201697822e+00
-4.599079742384013514e-01,-4.209069359940826871e-01
-3.352623131859305161e+00,-1.575636042789528091e+01
2.662896806490678614e+00,1.291377841056371434e-01
1.164806084667038633e+01,5.317168883798101930e+00
-1.216749434063736324e+01,-4.456366994553910388e+00
-8.612611760697500785e+00,-1.980633565622297709e+01
-1.113067013596088906e+01,7.738725385161715487e+00
-3.849416496270531951e+00,8.893761424662342208e+00
2.361467630431484110e+00,-7.532960368283191599e+00
-2.959040115849992603e+00,1.082539613453586824e+01
-4.075244390172775510e+00,-1.956826667658157604e+00
7.805373040904096449e+00,-9.369435556954048394e+00
-1.536368232654776733e+01,1.410180702518654350e+00
5.014535503766463620e+00,3.135861710637888322e+00
-3.107969270500507974e+00,8.352607018858435595e+00
1.427356002685583825e+00,4.237170989245798047e+00
-1.677414258945155723e+00,-1.713394562244061703e+01
-1.063063745719179032e+01,1.299200056542773751e+01
-7.711251559127926924e+00,-6.422369236810379078e+00
-1.514104760516680415e+00,2.331113909755222480e+00
2.178419461477605346e-01,5.684928497650586721e+00
5.125077534989708639e+00,5.410237815444441267e+00
-1.291753815487828305e+01,-2.234007147810294747e+00
-8.062372123086167797e-01,-1.368084106674719003e+01
1.036290627385207941e+01,-2.438341464367815803e+01
-5.152858003026235423e+00,3.076024919947157876e+00
1.393449917359171408e+01,6.898191849522225638e+00
6.417973880497092942e+00,-1.110204455388712930e+00
1.356517301106877404e+00,-3.297897620527005635e+00
2.515099490438906571e+00,1.759032162143261147e+01
3.636498699923750966e+00,8.434826302409808463e+00
-7.480444574927519241e+00,7.136658694644958167e+00
-1.011571885836663398e+01,-1.336386515539994946e+01
1.229477734847331405e+01,2.113243442613590872e+01
1.997920391943946328e+00,2.429296612771971731e+00
-7.174297164911825675e+00,-1.704006860781663413e+00
-9.567728572213905380e+00,1.240811220901282752e+01
7.412652246916954901e+00,-7.285549050901087398e+00
9.194903949031925094e+00,-1.645154992675466588e+01
-1.882582662640198023e+00,4.547129489098393762e+00
3.651782984443085578e+00,1.187909486732014308e+01
2.853140746775213898e+01,-9.969947132872798434e+00
-2.162433193712161028e+00,-1.039876958827902342e+01
-7.262916321304556888e+00,1.027135460730171701e+00
-1.542346822662765859e+01,-1.572089886915946977e+01
-1.150727889757446221e+00,9.924192143150250445e+00
-4.687686839888439039e+00,5.076297203997469865e+00
-4.015341588165030728e+00,-5.000337465723579733e+00
3.738142890812791386e+00,-1.203160213560108494e+00
8.049256202974735430e+00,-5.565478089745189649e+00
6.191212568686041529e+00,8.350111384535253478e+00
-1.887951450133862252e+01,-8.097682911700001540e-01
7.702948696905744796e+00,-2.574705289815175657e+00
-6.577809984146300692e+00,1.442586746219159721e+00
-1.365405471320498165e+01,7.809797756341584574e+00
8.575656148524876343e+00,-6.918489978827471631e+00
2.027818642374701774e+00,-3.907559661490394021e-01
-8.073429438499726274e+00,-3.605852805552262730e+00
1.515083269390085308e+00,2.930729221593305400e+00
1.032699842132634238e+01,4.677088565723487079e+00
-7.725015438202408546e+00,-2.207855064263355871e+00
1.326125455970107581e+01,2.584523849400103046e+00
2.306782307606234372e-01,1.579929516260248512e+01
9.017750898861482511e+00,-1.762736288863991518e+01
-1.397402867265927640e+01,3.240626855308871068e+00
2.331230028988902525e+00,-3.118193016899739156e+00
1.275317666170361575e+00,-1.693086504992939112e+01
1.114581080755973197e+01,4.161908286265453505e+00
