5.125781800000000032e+01,-0.000000000000000000e+00
-2.111810048844240484e+01,-2.462047214414834428e+01
5.063036129004799157e+00,-2.186160654193879083e+01
4.334974705778324555e+00,-1.214277975868625070e+01
4.858679509556439235e+00,-1.554130785552582239e+01
3.811641352150890949e+00,-1.280395638793876145e+01
5.849869525568063722e+00,-1.369075413347304959e+01
8.909905993307715377e+00,-7.250502439499497243e+00
6.280544647018796667e+00,-1.096147812005124500e+01
6.422567317733468784e+00,-1.086454028565164442e+01
4.406845942886279843e+00,-1.235295102916521159e+01
7.618524900999593896e+00,-1.063062374025609991e+01
1.747260655173790145e+00,-1.262380712326555887e+01
3.522405914542499072e+00,-5.302947770557269180e+00
2.730960707750149652e+00,-1.011190499792993691e+01
4.222622380943528597e+00,-1.059304492669401121e+01
5.478956247140778224e+00,-4.149712544424459360e+00
5.486074575675569776e+00,-5.460529886336281002e+00
4.284537984555518264e+00,-7.326804967641881383e+00
8.689929319864603485e+00,-9.834263416276263214e+00
3.906148743014710156e+00,-5.560756508739401305e+00
5.087139141251444840e+00,-7.746909533790096170e+00
4.182261181739135303e+00,-5.423200090240774429e+00
6.934910312103915730e-01,-7.082649372099969476e+00
1.292132561562903348e+00,-1.554367304969593278e+01
3.563581387942454271e+00,-3.967018208317509398e+00
-1.199288211606424071e+01,-1.048284507617691119e+01
-8.387819660138495337e+00,-6.266723586954812131e-01
8.085833778181527265e+00,-2.106951430877391118e+00
2.527927388064238112e+00,4.222603650665837094e+00
4.041646900844025225e+00,1.382938571567391417e+00
-4.522142052777350152e+00,1.346013558617054517e+00
4.028225519147188294e+00,-6.248135724327507745e+00
-2.606765155994304806e+00,-4.460878897394152887e+00
3.042378486765873635e+00,-8.774361343648385159e+00
3.938984925425142780e+00,1.168094013291813393e+00
-2.853031216683105331e+00,-1.160175218792122465e+01
-2.908319967702019060e+00,-3.409374997766459359e+00
-2.611586199363163274e+00,-2.539031188192524269e+01
1.746838891626662260e+01,-1.819641944072744622e+01
5.001208371245031259e+00,1.916603071609821463e-01
-1.272139943540114082e+01,2.140699276379259430e+01
-2.142190371973054042e+01,-1.044111851902983723e+01
-1.607919904383351417e-01,-1.333546899479379988e+01
3.307539629509204104e+01,-9.898645762135457105e+00
3.625264438552144952e+01,3.305731213747153419e+01
5.936155761895495431e+00,8.731809945519403016e+01
-1.264125923819540844e+02,2.253176749544005020e+01
-4.944497039826364215e+01,-4.105445910566108836e+01
1.231411051347172325e+01,-5.597505501840660003e+01
-1.594363146861223299e+02,8.322088387552885536e+01
6.070242873649596760e+01,-1.904072309878384033e+02
-1.409376845221493681e+02,8.837673895682782188e+01
4.917821057668759011e+01,1.434427758549553005e+02
1.370387083524358900e+02,9.617083378363382451e+01
4.309911402430253702e+01,-7.986485192266495403e+01
2.768018368163653520e+01,-1.246333727471748709e+01
1.457221263565948099e+01,-7.919332512808185953e+00
1.161784587543438718e+01,-2.103283254965898053e+01
1.590348954253336622e+01,-8.738977631561278159e+00
1.769006939697844416e+01,-6.865095172818982405e-01
2.682892526551030343e+01,3.179779453549039125e+00
2.974985919839719273e+01,-2.014975089522753038e+01
8.931903052455904657e+00,-1.462967274106043902e+01
7.775212813601115158e+00,-1.174814526509075918e+01
3.836898128132775199e-01,-1.129395190997231779e+01
-1.292658803707308124e+00,-1.526190728995771906e+00
5.245825613562540291e-01,3.345700881406493910e+00
1.069311377095737647e+00,-5.626391429369759223e+00
1.118099644775060852e+00,-2.999589332562870858e+00
3.719333292784179790e+00,-3.532636255990464047e+00
6.130466539126118164e+00,-7.585183548298201295e+00
-1.252169272392785970e+01,1.286299234656133805e+01
-7.657295257394391541e+00,-1.406361459568250538e+01
9.133035847140220653e+00,-1.075761587335987812e+01
-2.776013697037362338e+00,-4.484896943842956674e+00
-1.725550021152067970e+01,-1.019752429041587405e+01
-1.623462594851641683e+00,1.504959331262702804e+01
-5.141601676224340167e+00,-4.623898862690641209e+00
-1.249335733385294134e+01,4.778531664713975502e+00
1.798879108299524576e+00,1.320834513922701348e+01
4.684335988396161277e+00,1.118079826549917044e+01
7.642553204012360268e+00,6.628450266719656980e+00
-6.265365291337449349e+00,-4.442279173165619710e+00
1.207163634753883130e+01,-1.417115097556401082e+01
1.625938380735029654e+01,-2.207232838279405485e+01
1.380168237595368907e+01,4.543055723827116310e-02
6.761401864033069309e+00,9.263316878453945691e+00
-5.893124377391338875e+00,-2.155997166129839115e+01
9.207430536251845155e+00,-2.149201426998741482e+01
6.223676772816469693e+00,-1.426395885229529625e+01
-3.200233738797186867e+00,1.534968881594462253e+01
-3.081315687709341944e+00,1.420821449881123755e+01
-4.042619840658043984e+01,8.107052552496279318e+00
-7.366308037595346470e+00,-1.371060295294335063e+01
-1.005111602548330474e+01,-1.031337325804860328e+01
-9.858494275821904296e+00,6.739979086256917107e+00
-7.799702875074812525e+00,-6.728106960458974584e+01
5.446777714415107141e+01,-6.585721934568013580e+00
1.920568419673331917e+01,1.661238919378860146e-02
-5.789122717777058824e+01,6.443624728449215411e-01
7.880428922533795344e+01,8.247991600120336386e+00
-9.343414297160265392e+01,-1.022955754996051514e+00
3.896146422306871671e+01,3.075522335319288914e+01
-4.535264362920501924e+01,-1.115589771204145109e+01
-6.224982780046838116e+01,-5.383566896274194491e+00
1.108687781611378220e+01,1.452330015988292189e+02
8.397177408979007396e+01,1.727865023257854560e+01
3.782159214739530029e+01,-2.720884004028106773e+01
2.469961248172326762e+00,-1.600970220168964886e+01
-1.005784591409275563e+00,-1.085274670441776301e+01
1.232642548168327856e+01,-7.161777527813896427e+00
5.583503023789862851e+00,1.053316314727643643e+00
-7.486006004848301032e+00,9.678704268150282175e+00
2.194495947479224540e+01,-3.730274378191097640e+00
5.118058813596651824e+00,-2.289547020038120451e+01
3.775677651357034481e+00,-1.204636518495725994e+01
-2.439063128572686034e-01,-8.781470393987033773e+00
-1.054752777854541890e+01,-1.763877255408191402e+00
-1.079424460431753019e+01,-1.074091477885821710e+01
-1.693040800343013519e+00,5.563258686061477221e+00
5.180072676237356788e+00,6.012409953122119788e+00
-7.902025109143856696e+00,1.072998816683359280e+00
-2.981203753362302589e+00,3.251503760193355852e+00
-2.398771268682430069e+00,1.106455308060401066e+01
-2.202439302559260881e+01,3.201816725283373355e+00
1.579867813502972673e+01,-1.303524762784503110e+01
-8.450840680790678849e-01,1.136079577723951406e+00
1.841772632687908029e+01,-5.086454533401022715e+00
-1.423442161250653548e+01,-9.503787366054461394e-01
-1.590816676479792413e+01,-1.441701219070827911e+01
-1.136474489129597742e+01,-1.036443975934301420e+01
7.147709670666269055e-01,-4.969868287685706321e+00
-1.299331414333738977e+01,9.611075174782151009e+00
9.003042594417385303e-01,1.230187184764298891e+01
7.836088731894944814e+00,-5.353126263998882806e+00
1.589527258415611222e+01,-4.661493059323085220e-02
5.692154909392292517e+00,4.798406449516736672e-01
1.517394649245616911e+01,-7.558715795273630356e+00
-1.050116679872924230e+00,-3.962299336312246290e+00
-6.111477181035430917e+00,-1.982767799748776483e+00
-4.282376716124085547e+00,1.557203409472341704e+00
7.212741707099908695e+00,-7.828939879333163709e+00
-1.278665616906591396e+01,-4.582213899416847980e+00
2.423995289113934248e+00,-1.484434873374446973e+01
-1.418288800183379994e+00,-1.365960372693677982e+01
2.931287162852471262e+00,4.059999012333881829e+00
-1.424037724226738355e+00,-1.170014483601903521e+01
6.566438428056609489e+00,-2.633443741831428930e+00
-1.042736954411782690e+01,4.083865287882325390e+00
-2.720978279582685566e+00,-9.032184658743553030e+00
-3.919143277957673366e+00,-8.174273377551539710e-01
-5.694133198228941595e+00,-1.667897819726153585e+01
7.236314085387509643e+00,1.203749180495093363e+01
-6.501758814445751433e+00,-9.488438247368467415e+00
2.238952905729355791e+00,-4.418395533850945966e+00
-1.383519903486284974e+01,9.470175839953675734e+00
4.060438646746217906e+00,-9.154271888787899769e+00
-6.906193695760460827e+00,9.584388510511478998e+00
4.077176692639077338e+00,1.465959136249664141e+01
8.518512554601366915e+00,1.526160806249726676e+01
9.794938811779367427e+00,-9.971535894037653946e+00
1.105750158690032947e+01,-9.482071358910758363e+00
-1.509035087006888354e+01,-6.126608937768177832e+00
1.572304531774965497e+01,9.806071356637950487e+00
-2.398431406148109346e+00,2.553239913758070578e+00
1.484375271049224487e+01,2.813958616483390074e+00
1.037080988422192318e+00,-2.469885414871641593e+00
9.812792816040552424e+00,-3.860497467042860009e+00
-6.032091509199619672e+00,-1.564339627325543702e+01
-7.719926637870768715e-01,-3.344046836945784307e-01
-2.485616476589478197e+01,1.395500176362509670e+00
-1.618978177850869571e+01,-1.278636806067146381e+01
-5.401142144162300873e+00,-5.224829486615407248e+00
-7.486840902560809141e+00,-3.458097963039561407e+00
2.052671361608389144e+00,2.235700818739982054e+01
5.917903022955452563e+00,-4.819106313985733081e+00
-1.192079444488075524e+01,6.980314805648969667e+00
2.693416075991405201e+00,-1.394361734687254284e+01
-6.661591275252860989e+00,7.193441776372623053e+00
-1.122258554450674950e+01,-6.842461570160748074e+00
1.235219276037543334e+00,-9.550597660358793206e+00
-1.792600045350800997e+01,-1.107254094830667590e+01
4.420859885933526634e+00,1.373453898643711391e+01
-1.023104449057122167e+01,4.408154234674035443e+00
-1.063186552052513356e+01,1.551148306800630827e+01
7.607658098647849698e+00,2.583663944552414193e+01
1.438814093894700008e+01,6.297833078047937683e+00
6.438522853428944259e+00,2.775681161002741426e+00
1.019578955666701425e+00,1.164678417232506469e+01
8.585109851105881873e+00,1.290548398342791359e+01
8.220839867883724672e-01,-5.171964122627510818e+00
6.552491648424587645e+00,-1.631407277292157332e+01
-1.184412738073064020e-01,-4.269690768330143271e-01
8.684287923587341140e+00,-1.462547713741350464e+01
1.943372075294528756e+01,-2.072130760446143682e+01
1.166529673973382408e+01,-6.027231050172888516e+00
-1.400429078282736306e+01,3.176217690620010803e+00
7.138841468899919107e-01,-1.332295988508723461e+01
-1.888857024012617680e+00,8.772022859934292427e+00
1.682053708778456524e+01,2.149082872640538433e+00
-5.092147636419834811e-01,5.131076351118815992e+00
1.045638875025608172e+01,3.889053356908621417e+00
-2.122638032038512979e+00,-1.434353345937917634e-01
7.290405355767374473e+00,9.482101574897193075e+00
-4.983810140458484028e+00,-3.799796268394764809e+00
9.198446245038136126e+00,-4.209993463110713208e+00
-6.322833699258762152e+00,1.316826519663805151e+01
-3.225978575129895276e-01,-1.119459494731274596e+01
-1.024969542154113844e-01,-8.820059821174977444e+00
2.690587128561384045e+00,5.892487555273704380e+00
-6.458910149646400534e+00,-1.503002539371079571e+01
-1.023363117348695184e+01,1.216619899732940624e+01
-2.294189770316668042e+00,1.353280582494188700e+01
1.846441978815373020e+01,-8.580558515328351454e-03
1.294189267476685679e+01,-1.000875769941669091e+01
-3.258739026305516262e+00,-1.203429428816856195e+01
2.251297119299179528e+00,-2.998572828477655605e+00
-1.772825608865623792e+00,-2.605932320730813601e+00
-1.775109985328968776e+01,-8.161217232507556929e+00
3.816052134775871352e+00,4.016372638942343087e+00
-5.224100077062097114e-01,1.906966327368078140e-01
-1.603216981617805459e+00,-6.508696287135413705e+00
-1.319406563497955531e+01,-1.865143956426294380e+00
-1.399648444382722090e+01,-3.218274791003312263e+00
-1.944657942207768997e+00,-2.120877213324205979e+00
-1.609990385643402178e+01,6.985462879939500880e+00
-7.983027546363890004e+00,-4.510582841301815193e+00
-7.500142980234709711e+00,-3.392023430078307644e+00
-3.057505283957270947e+00,-6.843757471561445982e+00
-3.107611249764922867e+00,7.388039483386212858e+00
4.837702799899723516e-02,7.333906684389766895e+00
-2.212881109398906254e+00,1.140726984325927873e+01
3.367300461694171076e+00,1.678841184806826092e+00
-1.781988618269259028e-02,6.735951779080018298e+00
-1.156669005365705161e+00,1.232783545618371868e+01
1.320444534088874811e+01,-1.081553873393999332e+00
-4.949668543806957643e-01,5.075717546095070531e+00
-8.175028403071536331e+00,-4.126252540321280193e+00
-2.038959222448807118e+00,4.913531363435374999e-01
-8.697962464889275935e+00,-2.785694750486147342e+00
2.099114332562403540e+00,-2.158896475164971918e+01
2.160800750656802549e+01,-1.699054259943483025e+00
1.448322389657789699e+01,4.801292025950417042e+00
-6.000586031878727411e+00,-1.047115434632074837e+01
6.308841100312360339e+00,-1.809467140829254639e+00
3.158333972768413656e+00,-3.412043098966694110e+00
-6.041821120832535641e-02,7.451728567851255036e+00
-8.575458712016036600e+00,-1.322799441799243780e+01
-7.034920003987245707e+00,9.122780334021809878e+00
4.698341352367032542e-01,-5.864929918730741321e+00
-7.474626175722342225e+00,1.393183956649261468e+01
4.822747943691988226e+00,2.678073674180333263e+00
-1.292950548405370048e+00,-7.806716264674165018e-01
2.726873712570222708e+00,1.833218010568453238e+01
-4.486624827030138540e+00,-7.190386394688929705e+00
1.060632945851801523e+01,-3.997942602554785729e+00
-4.936428020892057233e+00,1.030556295258094224e+01
9.008298077821438099e+00,-2.807581102151289798e+01
-1.241479066371093865e+01,6.129416832113458113e+00
9.652477910389603011e-01,-4.977650265858624579e+00
-3.239767441465375875e+00,-1.709035065976441103e+01
-9.119655818996179164e+00,1.120056101826197548e+01
1.267286124589417717e+01,-2.866878306630902262e+00
-2.253240339228058886e+00,-8.890356464722581897e-01
-1.495772738494307141e+01,1.023860334780120240e+01
9.370321022953477907e+00,8.357512695724787832e+00
1.854626392096617948e+01,-8.892365464075201231e+00
4.469785473093576655e+00,-1.216995018004066509e+01
-2.141041149390258269e+01,-4.607675670663267553e+00
-4.781510220354361351e-01,-9.198997375836137635e-01
-1.708904848195404114e+00,-8.010488570845446077e+00
-2.681919885443501794e+00,3.978532548229864574e+00
-1.188494313707036198e+01,5.114954496426083352e+00
9.415496096644483615e+00,-9.108679968843604868e+00
-1.001577698439994535e+01,-1.615758660306567407e+01
-6.304187490556063977e+00,-8.184125910620640099e+00
-9.160343232000046854e+00,-9.400699615527197128e-01
-2.429035847191964415e+00,1.061760829538003037e+01
3.091254002411190083e+00,8.081959823949164345e+00
1.783277823261122386e-01,6.045130224423433951e+00
-5.510271698651258987e-01,-2.217330004683213396e-01
-8.358818360058613450e+00,8.544059304682219746e+00
7.453422226095074876e+00,1.742192366828974937e+00
7.290028689803840223e-01,1.199840356392673968e+01
-1.532636096381102320e+00,1.109103090798732794e+01
2.575794948864142064e+00,4.041855303835226176e-01
-7.086089171709781809e+00,-1.608185815193490242e-01
6.787000247929115382e+00,-8.274795706654233030e+00
1.198700475811049415e+01,-7.539474330694486248e+00
3.016771185707123770e+00,4.761534817785094020e+00
5.247856969777311420e+00,-1.331219225468240097e+01
1.262158048256581999e+01,2.877974843689035112e-02
-2.161770111948893014e+00,-1.497021559538746383e+00
-3.671232352867008775e+00,6.426838014481731420e+00
9.025801894243221213e+00,-1.523887613267081775e+00
4.738224877867762697e-01,-1.047214681192752295e+01
-4.119047322196278671e+00,9.938998024601852777e-01
-9.646373669870968115e+00,-7.613351696014701631e+00
1.152400986859806409e+00,8.632327040815443553e+00
6.417733399717506781e-01,-7.564026001204491756e+00
-1.004298399627812088e+01,1.183421031374443544e+01
-6.222309867991642207e-01,-5.677946309110689427e+00
2.192311292898664998e+00,8.577508902378692568e+00
5.698980911659654147e+00,1.404080465517805365e+01
4.616340676898711415e-02,-2.487885024574453041e+00
5.915723672666212352e+00,5.777327943830763424e-01
1.988349436262669023e+00,-1.355449714776616688e+00
1.324483446260930641e+01,-2.451505000396045375e+01
2.121094096471068280e+00,1.114241017341689499e+01
6.165120622773150316e+00,-1.651485160751958858e+01
-9.315074663810408495e+00,-4.210788619973759417e+00
-1.038143528000088089e+01,5.677164987511882366e+00
6.018654170234654543e+00,-5.729306401337717958e+00
-1.196632015709739960e+01,6.450700018319702522e+00
-1.134589331986630034e+00,4.388644401301235121e+00
1.345780070281924257e+00,-1.109945664173877944e+01
-6.901309375952409120e-01,-2.911147612934641860e+00
7.092393276300457572e+00,8.714201497817644082e+00
1.528200243890452903e+01,-3.017869687884230601e+00
6.836626607180733117e+00,-1.791825179348246522e+01
-8.580448319190939088e+00,-1.655486983336935936e+01
-5.008301004879935903e+00,8.031441887273954805e+00
-2.743080345354206528e+00,-6.589901909745555564e+00
6.825723979434728861e+00,-4.931917836600800520e+00
-6.913911651481095433e+00,1.390560412413806457e+00
3.245266179643655491e+00,2.278383388781681340e+00
-2.847675250378740586e+00,-3.652962041199586896e+00
-1.147055974194389982e+01,1.927706633212530107e+00
-1.432534897676804952e+01,6.696645128984470396e+00
-2.896207207236578540e+00,9.141936715009238767e+00
3.444282059630119353e+00,1.073430924435356282e+01
-3.652409565881688636e+00,1.255538447279039893e+01
5.210091173514845408e+00,-5.861510522012425284e+00
-7.455629157080341685e+00,7.739882800445567312e+00
3.961590559767609765e+00,-3.398758226176235464e+00
3.836613895873939306e-01,1.442970099229020420e+00
-1.490570300672067416e+00,2.743862922017809680e+00
1.298672855533094506e+01,-3.741947201740012385e+00
3.198675946412006255e-01,7.094028644858583199e-01
3.371805061012641769e+00,2.209356314651678588e+00
-1.379414176368127354e+00,-4.400933522474670845e+00
8.970075272492814555e-01,2.086632057317194366e+00
-6.087591759936499258e-01,-6.303133988407869204e+00
4.355564043540477215e+00,-1.718360978488883362e+00
-3.023376651484688260e+00,-1.013593562932082115e+01
-4.242751660455903462e+00,4.744769767182152265e+00
1.797456879640620064e+00,1.428995052747778161e+01
7.029920749123694357e+00,-1.111492494947804133e+01
2.527900589387683805e+00,-3.336357476880526640e+00
-5.011184301472966673e+00,-7.194863083274226412e+00
-9.099112143987937884e+00,1.015703882982733575e+01
-2.720665680536625608e+00,2.125078693696558219e-01
-4.518913232463170004e+00,6.146281525784949906e+00
6.792862091052072060e-01,1.778525827348412136e+00
5.194543479252967444e+00,6.421594655348550340e+00
2.166190949176455049e+00,2.776390141997172822e+00
3.858523509984763233e+00,3.897574754576961453e+00
1.142911253710107466e+01,-3.441914265720934285e+00
-3.919184344668109610e-01,4.851348604771958506e+00
4.179791240005210184e+00,-8.210080162696264949e+00
-7.487424969860660084e+00,-2.125199437815649794e+00
-3.262342059092678603e+00,-9.201884898356471609e+00
3.082413998231728236e+00,-9.695689496084931136e+00
-1.282701124148834637e+01,-4.321613434035883827e+00
5.762317656372029084e-01,3.725330186620697148e+00
4.059594061583507774e+00,2.418024036427099399e-01
3.505613116500517989e+00,1.217531201804651353e+00
4.065381349956830093e+00,3.138363352071511514e+00
8.982284683830923377e-01,-1.018146262947184244e+00
2.447918803806346411e+00,-2.790926336897607385e+00
8.551722676058993500e+00,3.780003185923243247e+00
3.728926343872476679e+00,4.041334341211562098e+00
-1.670413275633250816e+00,-1.131058639234202268e+01
-8.066351170275169125e+00,-3.063348064849158447e-02
-1.309162862203461053e+01,3.077533162274686873e+00
4.689326150262328241e+00,4.300877028885221165e+00
-6.169026322421518493e+00,-3.913615342252803941e+00
-8.198531939081641795e+00,-4.234589032779306095e+00
-4.463101207317561325e+00,4.905280895624269277e+00
-3.741857553860694630e-01,-2.092555472495412516e+00
-6.461930514113943147e+00,-2.568217242405054890e+00
-9.879412311193302543e+00,5.540931555975368461e+00
6.218215315987876579e+00,4.270193648066397785e+00
4.550868997771058133e+00,5.427093130345300942e+00
1.140136283142034301e+01,1.284821553117725834e+00
-3.191449415055457095e+00,1.694894402747047835e+00
-4.026973758264686509e+00,-3.748594907295993206e+00
6.494176276012483484e+00,4.029911286517839919e-01
-1.201750936485202281e+01,-4.704771001468306402e-01
1.165222038762955492e+00,-3.604809699276856350e-02
8.709869896112412135e+00,-1.275145056409184185e+00
5.415365042508879512e+00,-7.519375605061324741e-01
3.704125391294512681e-01,-2.375212622211192670e+00
9.239259734891316356e-01,2.965350266788787437e+00
6.655204842277596455e+00,-3.971648363282130667e+00
1.247597526964991488e+00,2.529393769562561900e+00
-9.999016171015274068e+00,1.327968927172434199e+00
1.195016257914028213e+00,-1.090206716936802067e+01
-1.671220020805170181e+00,1.284406360659925284e+01
5.362327162779870093e+00,-5.247970192782654308e+00
1.413501806821433338e+00,-2.772086900997072334e+00
-1.809254438625325534e+00,-9.114984466561381282e+00
-1.289538230510009953e+01,1.046889295381181029e+00
-2.703095119036508898e+00,2.586805885695342866e+00
7.557442556875524353e-01,1.414323158974617201e+01
-1.986919445067609313e+00,-5.109592434429970353e-01
-2.658291554725842332e+00,8.430657243534060541e+00
8.008850154329515192e+00,1.237486170132600982e+00
-2.539166560286576946e+00,-4.669922213397823541e-01
1.653470211215408270e+01,-1.417984084269115819e+00
-2.049684842013952846e+00,-1.202424069621637237e+01
1.132928472269985321e+01,-5.337027803890117994e+00
4.880973054825022750e+00,-2.596887313528622343e+00
-7.515816848484537793e+00,-9.267273510196352149e+00
7.659576070022806604e-01,3.969518923686571554e+00
1.789154773598342629e-01,-9.458949652583537926e+00
-9.811804800004875204e-01,4.696264379317325321e+00
1.403563086449926001e-01,1.581135383519743698e+01
-6.550946616642123743e-01,1.435712523518907879e+00
-2.815128526328873004e+00,-1.006558503999283705e+00
2.089529188117430714e+00,3.728796438299151639e+00
-1.490464670398793823e+00,-2.658043558369488135e+00
-4.810917451249517640e+00,-6.984533733429388214e+00
-9.551873492866569393e-03,5.230378064046563580e-01
5.223914854506946703e+00,-1.448760333050868709e+01
2.426501017729596477e+00,-5.585529892197767410e+00
-2.550316876806035182e+01,-6.066935717081824109e+00
7.664432473113187427e-01,6.176053376713744214e+00
6.098377315130571574e+00,-2.513035521135848605e+00
-2.997179618478913454e-01,-6.926490155465749865e+00
-9.474875538283002996e-01,9.147993123228097545e+00
2.793970576647042403e+00,1.065594757774545975e+01
1.282371721256280850e+00,-3.653677967284940653e+00
-1.309275270346298825e+01,4.183540949883255422e-01
-6.102842751364873308e+00,1.696233218289506439e+01
5.464313222186024888e+00,5.406473269281613092e+00
9.666855636129495721e+00,-7.845822847794678978e+00
1.346125616246172285e+01,8.287141639117692193e-01
-7.062394526501917014e+00,-1.134418742018650406e+01
4.914626939234695513e+00,-2.384745599612342559e+00
2.752745724137730221e+00,2.925969558948864346e-01
1.801444044093581276e+00,5.790908041173011611e+00
4.284802894924666372e-01,6.546459426880995025e+00
-3.466313851815026048e+00,-8.009488966935876419e+00
7.803772092197862165e+00,-9.409846489568073125e+00
-7.470888981688149855e+00,4.480410408009081635e+00
-4.997689881468243556e+00,-1.947186995125806064e+00
7.672671594845446918e+00,-1.005490412521196397e+01
-5.202411005356417206e+00,8.581573965650697744e+00
-2.951696465568494077e-01,-2.011437661241155084e+00
9.891267955720284277e-02,6.740289487650738209e+00
4.355538502948381741e-01,-7.930875197831541712e-01
-4.278053541346166888e+00,2.929549870129851463e+00
1.454932292689544493e+00,-9.000636100671687956e+00
-1.077815850859326119e+01,5.668655824577233382e+00
-8.406658455475037428e+00,-3.714172782385138483e+00
4.907758857374171946e+00,1.837431842520480529e+01
1.479270461188821173e+01,-2.145204568085967711e+00
3.023384276407725668e+00,4.355864274827473182e+00
1.132618343667549787e+01,1.029378808976033532e+01
-8.162594240635202780e+00,-3.315736852599386442e+00
