-1.914829200000000142e+01,-0.000000000000000000e+00
4.497264581610502798e-01,-3.821602643559239176e+00
3.375301689970474084e-01,-1.826566786911049345e+00
7.217494295174794461e-01,-6.342147997065050724e-01
-7.221666939860205137e-01,-1.209216094065124869e+00
7.863692436897531390e-01,-4.540017550008537683e-01
9.795943601371289722e-01,-8.460058367577599769e-02
6.863098650833252545e-01,-6.634731180577106979e-01
-1.778330171870105003e-01,-1.427905859748380024e+00
-1.572633780002573589e+00,-4.072610830508278101e-01
1.525925831851337122e+00,-1.773494536228409357e+00
-4.311944502279896341e-04,-5.883295574701663533e-01
-3.085770134990074021e-01,-1.382278874427127491e+00
-9.834234611347497657e-01,1.767402665658435401e+00
7.665458550821948602e-01,-1.919768919658052297e+00
-1.661518901941954063e+00,-1.041225595098590251e+00
5.864609165884443476e-01,-2.526786403006294535e+00
-2.325435871960767897e-01,-4.445497452019077755e+00
7.978436525892228515e-01,-6.065722512409502443e+00
-1.936898393582688893e-01,-5.780293755036135295e+00
-7.960877120761613579e-01,-5.476005146527912260e+00
-4.230800608937086427e-01,-6.727352575554737868e+00
-6.922951421941367922e-01,-7.303924575073975411e+00
2.029386643191613437e+00,-3.299941235404563855e+00
-4.908065687321380821e+00,3.515690979282001649e+01
8.722991753492324918e+00,-5.325795224730393684e+00
-1.415168189883613259e+00,-1.469392950725511682e+00
-1.250733603850133102e+00,1.119972742577340252e+00
-1.515400450465951288e-01,7.480105663116960457e-01
-1.474943062141997330e-01,-6.169505036029122591e-01
6.479047723592217256e-01,6.591732640957577161e-01
8.603369912268578057e-01,1.094400306116453780e+00
7.220628243768113519e-01,1.641299025523609068e+00
-5.946346891112885835e-01,6.081202815690137653e-01
-4.879657562782633295e-01,-3.051363788119626497e-01
1.552331501666212255e+00,-2.206884012186702826e+00
-9.054066428601181826e-01,-9.451146872421322120e-01
9.143660442122809595e-01,1.443586716736384279e+00
1.368158359700542448e+00,-8.689104906590240374e-01
7.276865691757816723e-02,2.244928251755648196e-01
1.987779722462744258e+00,1.004442337991640066e-02
9.188474436054829830e-01,-1.534296746653755594e+00
-1.096262238425259827e+00,-2.081302370231013388e+00
9.046282152817775035e-02,-2.542463376263317976e+00
-1.077671589691993281e+00,-1.648137063505710653e+00
-1.210073627144132580e+00,-1.005539664195163940e+00
1.288878952702516845e-01,-2.276716245220534951e+00
-3.138384417085996247e+00,1.023168359937967509e+00
5.365710788139471887e+00,5.951618664552677629e+00
-1.068619359017430215e+00,-3.411523210181696797e+00
-2.362446533248026448e+00,-2.779585061863848239e+00
-2.480450782138966304e+00,-5.403069807522061785e-01
1.357137660380108635e+00,5.402784874295598616e-01
-5.176125896692700401e-01,7.292191474553517683e-01
1.459468186299630599e+00,2.855095600822717294e+00
-1.104303767210792708e+00,-2.043205528250751968e+00
-1.377272124871399495e+00,1.273796211128211953e+00
-2.471480484048101722e+00,1.198614500158186047e-01
3.981186784619304753e+00,1.290514218654722711e+00
7.619653112005804196e-01,-3.510460955248099868e+00
6.283434151591836825e-01,-2.975651023021092190e+00
3.108957999258533000e+00,-1.088724799838020507e+00
1.515345738210626347e+00,-2.203112475599093401e+00
4.089084756938254905e-01,-3.009484305999888143e+00
2.401648307725413822e+00,1.402724706989878278e+00
3.129355727640858564e+00,-2.270794122352642219e+00
2.158191563254208689e-01,1.623136177731686614e-01
-4.503849962853314626e-01,7.496188352643740060e-01
-2.514070856160982359e+00,5.912066676176102931e+00
-8.253812053206106558e-01,1.278693014590625054e+01
-5.271480637541835712e+00,8.073833760480162880e+00
-5.244211307958527968e+00,1.279782396027446589e+00
1.616845398939413769e+01,-1.082868902354471885e+01
-8.970069526873945875e+00,1.644336973632551380e-02
2.929042409417164095e-01,6.142661897022543727e+00
-1.535777519826846405e+00,-3.547395064092724759e+00
-6.258864126104490833e-01,-1.459810548843800238e+00
1.636856858698028105e+00,1.006671022858939946e+00
2.263021380203818378e+00,3.711500299011372572e+00
1.103106911949604640e+00,6.441400886563346528e-01
-8.821463450937057083e-01,-1.446884885265451448e+00
9.397923891793160678e-01,2.058253053976523361e+00
-7.682317758911714201e-01,7.136084905109058019e-01
-4.614689609955962002e-01,-5.848622518891806177e-01
-1.269700537413668062e+00,2.755155723507878740e+00
-2.372936874393456463e-01,2.195005540556052015e+00
8.838216323567051891e-01,1.130659772776458682e+00
-9.759226978578776635e-01,-1.566288476795315576e+00
-1.866251572809207726e+00,-2.071309748953469754e+00
-9.868390685929446793e-01,2.723800109098233335e-01
3.426559439622214320e-01,-7.174270647144205260e-01
-3.093218822771407250e+00,1.542823832439183640e+00
-2.930546955778551510e+00,-1.499525199635756145e+00
-2.413930370958373928e+00,-1.905652204654155080e+00
-3.386493281394425736e+00,-3.224471111779243504e+00
7.987561599435084148e+00,-3.723124116671888917e+00
1.857715298539865945e+00,4.676076169470483102e+00
-4.258180730774729916e+00,-2.079892345415900845e+00
7.772118087029983302e-01,-9.219648641321436244e-01
-1.893069078334165267e-01,4.406554381550733979e+00
-2.240012305991729402e+00,-3.956003046767472275e-01
2.719743761156344863e+00,1.955120963084625574e+00
1.272700248552398605e-01,-1.449747746644847179e+00
-5.045690545120189441e-01,1.591703272857025731e+00
-2.841324208809056895e+00,7.505398830040757030e-01
-7.821091421771519947e-02,5.895399012484705992e+00
1.626181466909724094e+00,7.906071304782333886e-01
-1.669692152681626407e+00,6.168951021599728968e-01
2.322770040271210146e+00,-5.896671315123285240e-01
2.605848054592677876e+00,2.261114487351794100e+00
1.736949061428898045e+00,-6.695378655962176850e+00
1.368749152973037120e+00,-2.981540629051111946e+00
1.194074488088063823e-01,-6.053770429391166275e+00
-1.128528535171893221e+00,-8.308413716232964319e+00
2.209150129298163900e+00,-5.617172764186991074e+00
1.462165249151149871e+00,-2.324573500905767531e+00
2.912257222413829005e+00,5.627888599195531860e+00
5.666716639276603296e-01,1.506667828359951500e+01
-7.367325704037000378e+00,5.250614130038606220e+00
-4.406595577250421059e+00,-7.987630682330387089e+00
1.601228263874386215e+01,4.232059873456257115e+00
-5.817185924489178817e+00,-1.408237200224188612e+01
-5.960479460506049598e+00,2.888709850902465570e-01
-6.665015195621277755e+00,-4.181261168563887853e-02
2.337931108495818755e+00,6.106935471309481223e+00
-2.176009508700940676e-01,1.274274173482114136e+00
1.362623637015681233e+00,-2.168740596627234840e+00
-4.456076106008424631e+00,1.967520367007656645e+00
-2.628945357085341605e-01,-1.909085619173104043e+00
4.863002460550140071e+00,1.417070061668083580e+00
5.392501547593988587e-01,-2.905464560989357015e-02
-2.178823656601918568e+00,-2.681745240619967774e+00
4.611273221530920452e+00,3.704526586684461886e+00
4.079268785174040346e+00,-1.659675831516014277e+00
-7.025771047020641369e-01,-1.364788836625894897e+00
-1.459490951526835500e+00,-6.651747423388082447e-01
-1.907458189247608349e-01,2.031018514917152906e+00
-2.509118106693792427e+00,1.336734528746995609e+00
1.423392506160628290e+00,-5.411764917213668369e+00
6.362655000000003724e-01,-1.331530512801248012e+00
8.794901724120268938e+00,-1.374729113976723260e+00
7.119405480222102511e+00,2.221239782178671796e+00
-1.578814397408907055e+00,2.706770153053658312e+00
2.359108694754865621e-01,-4.028427398463760412e+00
6.476073870598145099e+00,-3.868993317407103394e-01
-7.929967846032267786e+00,-1.694805113131986118e+00
-5.062227473257562949e+00,3.329388604395974172e-01
3.980053199808020192e-01,8.051868215564859099e-01
-5.197469992329208033e+00,-1.296625866493540835e+00
-4.719927794414618738e+00,-1.326570078751848625e+00
-5.286185429375740874e+00,-2.874277660467807749e+00
2.204373183704668726e+00,-2.476857238914829118e-01
-1.378037148435879988e+00,-6.483562881684420631e+00
7.830189957146107993e+00,-2.488585793511289612e+00
1.073924778641134026e+01,-7.279061033488872567e+00
5.202966606461682630e+00,3.041342712227158351e+00
6.374140765846564527e+00,-1.776814330881820503e+00
6.740707208271059514e+00,-1.101778370077441949e+00
-7.553947309903206175e+00,-2.164014367802253425e+00
3.745690649856805887e+00,9.268982253947847028e+00
2.370717789750923288e+00,7.461902290743716470e+00
-8.910785563774661355e+00,9.066938122963927427e+00
-1.111342035247648141e+01,1.170475766839502008e+01
-1.222567627465623019e+01,1.004903002273375634e+01
3.866662827253526391e+00,3.076116543447038332e-02
2.569171677836082779e+01,-2.367789798027308734e+01
1.590891202924022352e+01,6.680545275344213607e+00
-1.123035106901806657e+01,2.103032408343922466e+00
4.311005803203443065e+00,-3.294603424879716158e+01
-3.558958649010951092e+01,2.674426243983259255e+01
1.523560325564212192e+01,8.147400977925491006e+00
-4.551102016596638711e-01,-5.194836852344597578e-02
-4.226538453044425658e+00,-7.556014158381776369e+00
-4.533529852360050683e+00,8.584334246275019398e-01
6.588305537081080132e+00,3.085265626011308271e+00
3.300727739547204109e+00,-7.118463589450412243e+00
-7.835632269430439223e+00,-1.218410629848258431e+00
-1.514479228425404500e+00,-8.691413222023873786e+00
-5.032922525430301164e+00,1.830995045117234099e-01
-3.863729177025945205e+00,2.689510334709248163e+00
1.546565511755567002e+00,-4.578024244637417084e+00
-4.608127219345332648e+00,-3.091011002832764198e-01
-1.902921885926273537e+00,1.582696714647341185e+00
6.124701182816944645e+00,3.859896790500142227e+00
4.497000077335748358e+00,-1.077682009045529909e+00
7.209238255389055716e+00,1.434506319589452072e+00
-1.848165330345802104e+00,6.938680818939908512e+00
-6.963918279999700367e+00,3.520262206481926448e+00
-2.390188996902194773e+00,-4.070034690847694314e+00
-1.276338961833369812e-01,-1.072663408543356667e+01
-7.574013212713115450e-03,4.851444383484560419e+00
-1.027934023083064297e+01,5.011415696201590997e+00
-3.855261185359971421e+00,-9.168696695657178708e+00
1.915348795691416806e+00,8.901794663209376068e+00
3.968283614303861118e+00,2.488096032196413177e+00
3.467248372253028066e+00,-8.335536135052660001e+00
3.985672446250322132e+00,-7.059792045116001447e+00
1.071971842859689161e+01,2.358434359317267415e+00
5.835029332480187847e+00,6.360318418271878604e-01
7.376168619530448112e+00,-5.410465319367077086e+00
6.000076813547359222e-01,2.279423617926282120e+00
3.894614968098046859e+00,3.650719589571322921e+00
-6.663075607766916875e+00,3.418820037108661225e+00
-6.849562686647500120e-01,6.595878833983301881e+00
-3.947014485549225071e+00,3.607414349875624371e+00
-4.291225228123966673e+00,5.495476651716851180e+00
-4.378994969401007964e+00,1.036706098646254759e+01
-1.195534883089742095e+00,7.682730539203075359e-01
-8.836150651562210356e+00,-6.916560658699647313e+00
2.450409725081712509e-01,-1.153536918374920894e+00
9.835254989801104131e+00,-2.918457887196737488e+00
1.265989597294504954e+01,-2.623002934548366305e+00
-8.202917600651016272e-02,4.227808414004019966e+00
-3.460460002489806897e+01,3.074895206496877087e-01
1.383098223022022122e+00,-6.550436230022090633e+00
-5.451794403760938934e-01,7.120387541563509615e+00
-1.480693852041053304e+01,-2.471348147142580221e-01
2.801013812839720529e+01,7.314233248746459637e+00
-3.763048548957462103e+00,-1.663789850144131321e+01
2.916631067207511308e+00,-2.250007919860550043e+00
6.127421782278652529e-02,4.291921696381931106e+00
5.884328253600920711e+00,2.257223623611643859e-01
8.504308523100467809e-03,-6.314645545067978816e+00
-4.976048296909863389e+00,-1.570347989576525771e+00
4.669953152571852950e-01,4.831565519635417694e+00
-4.171563992351646988e+00,3.030389183354450289e+00
1.309717019464754273e+00,6.873892768861677993e-01
3.783605707662500262e+00,1.403298095721287719e+00
-2.361075884895831756e+00,-6.865121267140850136e-01
7.623837976341707900e+00,2.813473533609401223e+00
-2.394744080872295733e+00,1.566626901782415038e+00
-2.070346858705206516e-01,-5.054708117166380354e+00
-2.939362396975963243e+00,2.677984222667853853e+00
-9.003828838006966429e-01,-3.373195439912366034e+00
2.111373472005335650e+00,-1.902991950678194488e+00
5.536843315867413295e+00,4.256604898950021365e+00
-2.339272291114366187e+00,2.991130998025412158e+00
-1.112886523931963367e+01,-6.995126152024063515e+00
1.521669370591206993e+00,-3.498797951119764882e+00
2.929693302026534774e+00,8.630277239627503150e+00
-6.551075280309795801e+00,-3.587877976193496465e+00
9.952550115309479750e+00,7.585803582798779310e+00
8.238483707335589656e+00,-9.221337391390884264e+00
-2.707160430583242405e+00,1.832180130357037973e+00
2.733665033018857216e-01,2.209629890028613097e+00
8.024166401032586382e-01,-6.782824231563391315e-01
8.541812071558770869e-01,-1.646550203205355611e+00
-2.533166462204082592e+00,-6.757337255230697615e-01
-2.328710166167301310e+00,3.388465233764318185e+00
2.027464116390898408e+00,2.623058348528349626e+00
-1.032518473597402675e+00,1.550008375534691618e+00
1.089750370947122349e+00,-2.439213709307975098e+00
-1.924872741126719689e-01,1.450047720666928441e+00
-3.532353747173124781e-01,1.739237255404333604e+00
1.864894957089751060e-01,2.138884440985697744e+00
4.421321715727168922e-01,-2.247876515567879707e+00
-5.382752304036587887e+00,1.660209018451030971e-01
1.477542151260011760e-01,-4.117092214206848233e+00
4.006336064444411704e+00,-3.790777093217730709e+00
3.302840915748101569e+00,1.357215531501827721e+00
2.685382048428635038e-01,3.107967427817567518e+00
-8.433486960745364414e+00,1.747310053180046729e+00
1.555552250053815477e-01,-2.689821954957560823e-01
4.511873192102377139e+00,4.683474520317727041e+00
-6.177607199595249732e+00,-2.538239706429962883e+00
7.296567061615180094e+00,-3.128280315902518538e-01
-9.560553011360561904e-02,-7.004087847071915007e+00
-3.066015457382753162e+00,1.883485970260609044e+00
-5.168046065178648618e-01,1.753830171050777542e+00
-1.200681366902280223e+00,-1.231577180494681789e+00
2.433432031114755034e+00,-1.098864633443743966e+00
-2.075060738544443950e+00,1.510337975715157821e+00
3.129952429885074494e-02,1.191715174939447230e+00
1.614912792109291395e+00,1.449536585485579065e+00
2.440618897763645379e+00,5.899424410870601765e-01
1.077115826729404979e+00,-2.626106808636966328e+00
-3.182581928406751359e+00,1.136117736480689144e+00
1.475585669151461055e+00,-1.626207950789671619e+00
4.292714999999986958e-01,4.624633679910955308e+00
-1.062936194883481900e+00,-2.140427456926332184e+00
-3.044179565663153397e+00,2.370630916050572523e+00
6.821545405134956663e-01,-3.262330650955491684e+00
-1.133555867763289760e+00,-3.521963434806874016e-02
9.614312387435788310e-01,-2.351535149997576735e-01
-2.096746038524509359e+00,1.135815844292308974e+00
-4.435087152430577717e+00,3.247820245685312468e+00
3.259058476166038165e+00,-1.679376501985815340e+00
3.952655061768809652e+00,1.357438667015084643e+00
-8.830724519669765904e-01,-6.202311519941783313e-01
4.859295281695382940e+00,-2.274563323724336783e+00
-1.652032686547469931e+00,-2.733048553232569233e+00
-1.947870383547458673e+00,3.897483749540725295e+00
3.618488402795878023e-01,-5.190881077809921251e-01
-1.097273935733769079e+00,1.309933283811440141e+00
1.400998593253031999e+00,-1.594055724969901888e+00
-1.160583719838521155e+00,-1.281314729677546227e-01
-5.945371667938310623e-01,1.121272424956280211e+00
8.875685533974468910e-01,6.039289724540708448e-03
1.026276034766765655e+00,2.573072779112752340e+00
-2.058964960932487376e+00,-4.024922539100468377e-01
-4.119967035679734657e-01,-1.994756621716504696e-01
5.240222284934683561e-01,-3.813384082381550577e+00
4.698112382139399301e+00,1.116919253958196467e+00
1.372354133888066929e+00,-1.115531268741197124e+00
-3.401417863567811839e+00,5.137977386154323867e+00
-2.558434509828921843e+00,-6.901533402090853642e-02
-6.498098341530542221e+00,-2.457355985421326938e+00
1.122113956052641637e+00,-5.424572223557337480e+00
3.395475579243085740e+00,6.671534813940369624e-01
-6.344957521420779401e+00,6.643824694076313264e+00
3.746096084152927386e+00,-3.463423369107763161e+00
6.629519220077074948e+00,-4.540576326291743126e-01
-5.743578098242902108e+00,1.014480195072831492e+00
7.417080438426273403e+00,-1.741907292772341576e+00
-9.043210084359863288e+00,-3.980239108817863247e+00
1.403800152121373657e+00,5.633365129722978537e+00
2.794098487141952081e+00,6.663852377665262505e-01
5.558983014555178848e-01,-2.834820031598827006e-01
-1.213819776212550661e+00,-1.574053376935955262e+00
-7.404540874454755839e-01,1.437036074895899684e+00
2.956539855929016802e+00,1.149228329504229595e+00
1.209841550658512510e+00,2.927961875641614586e+00
-7.502698478809533000e-02,-8.837206318824439855e-01
-2.229584074849276121e+00,-3.927884456931840518e-02
-1.784407073231621288e+00,9.722145046343502184e-01
1.665134632867631748e+00,-1.495333251527311447e+00
2.472393682446474283e+00,-3.549340412907722175e+00
-2.190385551481024873e+00,-1.254022668825412579e+00
-2.586008539103643589e-01,5.818455843178585774e+00
-3.744514970082982952e+00,-1.947418212518172265e+00
-7.906519626657624311e-01,-2.627454508148786338e+00
1.861170097413945568e+00,-2.014845730097608811e+00
3.744477642899598280e+00,2.884442056379436625e+00
-7.103447245234194574e-01,3.492484253872823352e+00
1.539414021610007621e+00,-2.618240227337052417e+00
3.189237783012865979e+00,-7.982246108750682412e-01
-5.480471845705735312e+00,2.088170424424024674e+00
1.232620241427380581e+00,-9.166329982523274689e-01
-3.604277994689718323e+00,-2.966627318270584901e+00
2.841300555865414745e-01,2.447277486939638980e+00
-7.420916636331522653e-01,-1.332300398782841899e+00
1.829660806051862876e+00,-5.981811807600611042e-01
-1.584806581129757586e+00,5.334110349385348115e-01
-1.671673897059367420e+00,2.214492849796442897e+00
1.001131642416115408e+00,3.317678272806345863e-01
2.017871697085006133e+00,-9.190283232416529557e-01
2.202852352279409232e+00,-1.128638528723041157e+00
3.838387907465721227e-01,1.335027283280608934e+00
-6.243602197460689229e-01,2.811887238456061588e+00
-1.581248661597275396e+00,1.440547129466162257e+00
-1.267662465661720139e+00,-5.369341076665624435e+00
1.582256579449622946e-01,-1.210060000231695909e+00
1.870169631916673847e+00,2.877706540940928370e+00
7.260470209663574259e-01,8.203854096356790748e-01
-2.875417495182770455e-01,2.481190687531502626e+00
-2.740932615222986701e+00,-1.927359956434250066e+00
1.599401754222777861e+00,-2.831822049012343356e+00
2.433227455881124879e+00,3.618063313090508881e+00
-1.738845052559443882e+00,-4.616148481088189648e+00
6.874087264343933246e-01,-2.778893555619841749e+00
-1.055233790254442416e+00,4.201997267413056569e+00
2.362261993125216453e+00,-2.434993768837374617e+00
-3.124093300002749984e+00,4.389869273209272116e+00
3.755410361784217610e+00,3.179228601353918382e-01
-2.190094978426150529e+00,-6.612957147578482076e-01
-1.948861203259441677e+00,-7.458309490376637818e-01
5.083210986717510149e-01,2.254508330403910410e+00
-3.951646125059915526e-01,1.240762330897901888e+00
-6.291485005481354253e-01,-3.719547103488507034e+00
-2.045162421534629793e-01,-1.349243748746559834e+00
-3.045533854786923733e-01,-1.560338096259788809e+00
2.472327048471532063e-01,-1.801087997248359107e+00
6.274650050832542014e-01,1.765067572621386471e+00
8.922988840268792909e-01,-1.490456053425945893e+00
-3.551155908807109185e+00,1.139482752620578188e+00
5.542596289226345840e-01,1.703123918285758709e+00
2.646121832538656626e+00,2.593467328512487402e+00
1.743811123652418305e+00,2.089273871689254491e+00
-1.360282926694902805e+00,-3.473908005860880666e-01
1.645318435964377990e-01,1.228843849751567241e+00
6.520039384262898974e-01,-2.422464715464466067e+00
-3.588816606591643810e-02,-8.001429930648614741e-01
-2.726471041474891166e+00,-3.317386533115004310e-01
-1.226097946357855184e+00,-1.104689223387992580e+00
1.119062437734928528e+00,5.653636449241091766e-01
-3.427274436579655914e-01,2.649285004470480764e-03
4.317936255756017472e-01,-1.683458732845407035e-01
1.589306304991061181e+00,4.355358163341058741e-01
2.994818724574556668e-01,1.952133498606879736e-01
-2.396777836837021614e+00,-1.994710733073415398e-01
2.071258798983427241e+00,-8.395972451100127687e-01
-8.804096723770793442e-02,-9.851598742785416807e-02
-3.851977120544223254e-01,5.348273643350256457e-01
5.201386652238340069e-01,9.056435289083211160e-01
-3.936226832795279851e-01,-9.710310195401596900e-01
-1.114071732758299627e+00,-9.908459818672126218e-01
1.743578613977890379e+00,1.416239925059679550e+00
1.256796357910698658e+00,-2.249725192121367012e+00
-1.701827443291624720e+00,1.710345127058533254e+00
1.684527729298465060e-01,-7.971302553009436132e-01
1.578847516433410092e-01,1.167432358055364716e+00
8.544595886299951593e-01,-9.493695467027428725e-01
-1.181260694234306463e+00,-4.949190384382879948e-01
2.826358303902415936e-01,6.574296473128712348e-01
-5.641373516548514599e-01,-2.478841364771746658e-01
1.657031697260397118e-02,-2.915103483874804668e-01
-2.126296899236933768e+00,1.594170850224271963e+00
-9.737834878945927919e-01,6.366906217834193971e-01
-1.125294244988612524e+00,9.874667668426978517e-02
-5.164258682625505470e-01,6.442218842247915411e-01
7.352676587588831136e-01,-2.780336313370734280e-01
1.253276237147948446e+00,-3.730031611405951186e-01
1.659389524573265495e+00,-5.792116366292604512e-01
-5.552993924313198715e-01,-6.129517705449565312e-01
2.221420735112317857e+00,-3.512895205649786856e+00
-9.814935903775423576e-01,-1.756713901670582167e+00
-1.146188143996669462e+00,-1.163774222961755367e-01
1.323888000000000176e+00,-0.000000000000000000e+00
-1.146188143996669462e+00,1.163774222961755367e-01
-9.814935903775423576e-01,1.756713901670582167e+00
2.221420735112317857e+00,3.512895205649786856e+00
-5.552993924313198715e-01,6.129517705449565312e-01
1.659389524573265495e+00,5.792116366292604512e-01
1.253276237147948446e+00,3.730031611405951186e-01
7.352676587588831136e-01,2.780336313370734280e-01
-5.164258682625505470e-01,-6.442218842247915411e-01
-1.125294244988612524e+00,-9.874667668426978517e-02
-9.737834878945927919e-01,-6.366906217834193971e-01
-2.126296899236933768e+00,-1.594170850224271963e+00
1.657031697260397118e-02,2.915103483874804668e-01
-5.641373516548514599e-01,2.478841364771746658e-01
2.826358303902415936e-01,-6.574296473128712348e-01
-1.181260694234306463e+00,4.949190384382879948e-01
8.544595886299951593e-01,9.493695467027428725e-01
1.578847516433410092e-01,-1.167432358055364716e+00
1.684527729298465060e-01,7.971302553009436132e-01
-1.701827443291624720e+00,-1.710345127058533254e+00
1.256796357910698658e+00,2.249725192121367012e+00
1.743578613977890379e+00,-1.416239925059679550e+00
-1.114071732758299627e+00,9.908459818672126218e-01
-3.936226832795279851e-01,9.710310195401596900e-01
5.201386652238340069e-01,-9.056435289083211160e-01
-3.851977120544223254e-01,-5.348273643350256457e-01
-8.804096723770793442e-02,9.851598742785416807e-02
2.071258798983427241e+00,8.395972451100127687e-01
-2.396777836837021614e+00,1.994710733073415398e-01
2.994818724574556668e-01,-1.952133498606879736e-01
1.589306304991061181e+00,-4.355358163341058741e-01
4.317936255756017472e-01,1.683458732845407035e-01
-3.427274436579655914e-01,-2.649285004470480764e-03
1.119062437734928528e+00,-5.653636449241091766e-01
-1.226097946357855184e+00,1.104689223387992580e+00
-2.726471041474891166e+00,3.317386533115004310e-01
-3.588816606591643810e-02,8.001429930648614741e-01
6.520039384262898974e-01,2.422464715464466067e+00
1.645318435964377990e-01,-1.228843849751567241e+00
-1.360282926694902805e+00,3.473908005860880666e-01
1.743811123652418305e+00,-2.089273871689254491e+00
2.646121832538656626e+00,-2.593467328512487402e+00
5.542596289226345840e-01,-1.703123918285758709e+00
-3.551155908807109185e+00,-1.139482752620578188e+00
8.922988840268792909e-01,1.490456053425945893e+00
6.274650050832542014e-01,-1.765067572621386471e+00
2.472327048471532063e-01,1.801087997248359107e+00
-3.045533854786923733e-01,1.560338096259788809e+00
-2.045162421534629793e-01,1.349243748746559834e+00
-6.291485005481354253e-01,3.719547103488507034e+00
-3.951646125059915526e-01,-1.240762330897901888e+00
5.083210986717510149e-01,-2.254508330403910410e+00
-1.948861203259441677e+00,7.458309490376637818e-01
-2.190094978426150529e+00,6.612957147578482076e-01
3.755410361784217610e+00,-3.179228601353918382e-01
-3.124093300002749984e+00,-4.389869273209272116e+00
2.362261993125216453e+00,2.434993768837374617e+00
-1.055233790254442416e+00,-4.201997267413056569e+00
6.874087264343933246e-01,2.778893555619841749e+00
-1.738845052559443882e+00,4.616148481088189648e+00
2.433227455881124879e+00,-3.618063313090508881e+00
1.599401754222777861e+00,2.831822049012343356e+00
-2.740932615222986701e+00,1.927359956434250066e+00
-2.875417495182770455e-01,-2.481190687531502626e+00
7.260470209663574259e-01,-8.203854096356790748e-01
1.870169631916673847e+00,-2.877706540940928370e+00
1.582256579449622946e-01,1.210060000231695909e+00
-1.267662465661720139e+00,5.369341076665624435e+00
-1.581248661597275396e+00,-1.440547129466162257e+00
-6.243602197460689229e-01,-2.811887238456061588e+00
3.838387907465721227e-01,-1.335027283280608934e+00
2.202852352279409232e+00,1.128638528723041157e+00
2.017871697085006133e+00,9.190283232416529557e-01
1.001131642416115408e+00,-3.317678272806345863e-01
-1.671673897059367420e+00,-2.214492849796442897e+00
-1.584806581129757586e+00,-5.334110349385348115e-01
1.829660806051862876e+00,5.981811807600611042e-01
-7.420916636331522653e-01,1.332300398782841899e+00
2.841300555865414745e-01,-2.447277486939638980e+00
-3.604277994689718323e+00,2.966627318270584901e+00
1.232620241427380581e+00,9.166329982523274689e-01
-5.480471845705735312e+00,-2.088170424424024674e+00
3.189237783012865979e+00,7.982246108750682412e-01
1.539414021610007621e+00,2.618240227337052417e+00
-7.103447245234194574e-01,-3.492484253872823352e+00
3.744477642899598280e+00,-2.884442056379436625e+00
1.861170097413945568e+00,2.014845730097608811e+00
-7.906519626657624311e-01,2.627454508148786338e+00
-3.744514970082982952e+00,1.947418212518172265e+00
-2.586008539103643589e-01,-5.818455843178585774e+00
-2.190385551481024873e+00,1.254022668825412579e+00
2.472393682446474283e+00,3.549340412907722175e+00
1.665134632867631748e+00,1.495333251527311447e+00
-1.784407073231621288e+00,-9.722145046343502184e-01
-2.229584074849276121e+00,3.927884456931840518e-02
-7.502698478809533000e-02,8.837206318824439855e-01
1.209841550658512510e+00,-2.927961875641614586e+00
2.956539855929016802e+00,-1.149228329504229595e+00
-7.404540874454755839e-01,-1.437036074895899684e+00
-1.213819776212550661e+00,1.574053376935955262e+00
5.558983014555178848e-01,2.834820031598827006e-01
2.794098487141952081e+00,-6.663852377665262505e-01
1.403800152121373657e+00,-5.633365129722978537e+00
-9.043210084359863288e+00,3.980239108817863247e+00
7.417080438426273403e+00,1.741907292772341576e+00
-5.743578098242902108e+00,-1.014480195072831492e+00
6.629519220077074948e+00,4.540576326291743126e-01
3.746096084152927386e+00,3.463423369107763161e+00
-6.344957521420779401e+00,-6.643824694076313264e+00
3.395475579243085740e+00,-6.671534813940369624e-01
1.122113956052641637e+00,5.424572223557337480e+00
-6.498098341530542221e+00,2.457355985421326938e+00
-2.558434509828921843e+00,6.901533402090853642e-02
-3.401417863567811839e+00,-5.137977386154323867e+00
1.372354133888066929e+00,1.115531268741197124e+00
4.698112382139399301e+00,-1.116919253958196467e+00
5.240222284934683561e-01,3.813384082381550577e+00
-4.119967035679734657e-01,1.994756621716504696e-01
-2.058964960932487376e+00,4.024922539100468377e-01
1.026276034766765655e+00,-2.573072779112752340e+00
8.875685533974468910e-01,-6.039289724540708448e-03
-5.945371667938310623e-01,-1.121272424956280211e+00
-1.160583719838521155e+00,1.281314729677546227e-01
1.400998593253031999e+00,1.594055724969901888e+00
-1.097273935733769079e+00,-1.309933283811440141e+00
3.618488402795878023e-01,5.190881077809921251e-01
-1.947870383547458673e+00,-3.897483749540725295e+00
-1.652032686547469931e+00,2.733048553232569233e+00
4.859295281695382940e+00,2.274563323724336783e+00
-8.830724519669765904e-01,6.202311519941783313e-01
3.952655061768809652e+00,-1.357438667015084643e+00
3.259058476166038165e+00,1.679376501985815340e+00
-4.435087152430577717e+00,-3.247820245685312468e+00
-2.096746038524509359e+00,-1.135815844292308974e+00
9.614312387435788310e-01,2.351535149997576735e-01
-1.133555867763289760e+00,3.521963434806874016e-02
6.821545405134956663e-01,3.262330650955491684e+00
-3.044179565663153397e+00,-2.370630916050572523e+00
-1.062936194883481900e+00,2.140427456926332184e+00
4.292714999999986958e-01,-4.624633679910955308e+00
1.475585669151461055e+00,1.626207950789671619e+00
-3.182581928406751359e+00,-1.136117736480689144e+00
1.077115826729404979e+00,2.626106808636966328e+00
2.440618897763645379e+00,-5.899424410870601765e-01
1.614912792109291395e+00,-1.449536585485579065e+00
3.129952429885074494e-02,-1.191715174939447230e+00
-2.075060738544443950e+00,-1.510337975715157821e+00
2.433432031114755034e+00,1.098864633443743966e+00
-1.200681366902280223e+00,1.231577180494681789e+00
-5.168046065178648618e-01,-1.753830171050777542e+00
-3.066015457382753162e+00,-1.883485970260609044e+00
-9.560553011360561904e-02,7.004087847071915007e+00
7.296567061615180094e+00,3.128280315902518538e-01
-6.177607199595249732e+00,2.538239706429962883e+00
4.511873192102377139e+00,-4.683474520317727041e+00
1.555552250053815477e-01,2.689821954957560823e-01
-8.433486960745364414e+00,-1.747310053180046729e+00
2.685382048428635038e-01,-3.107967427817567518e+00
3.302840915748101569e+00,-1.357215531501827721e+00
4.006336064444411704e+00,3.790777093217730709e+00
1.477542151260011760e-01,4.117092214206848233e+00
-5.382752304036587887e+00,-1.660209018451030971e-01
4.421321715727168922e-01,2.247876515567879707e+00
1.864894957089751060e-01,-2.138884440985697744e+00
-3.532353747173124781e-01,-1.739237255404333604e+00
-1.924872741126719689e-01,-1.450047720666928441e+00
1.089750370947122349e+00,2.439213709307975098e+00
-1.032518473597402675e+00,-1.550008375534691618e+00
2.027464116390898408e+00,-2.623058348528349626e+00
-2.328710166167301310e+00,-3.388465233764318185e+00
-2.533166462204082592e+00,6.757337255230697615e-01
8.541812071558770869e-01,1.646550203205355611e+00
8.024166401032586382e-01,6.782824231563391315e-01
2.733665033018857216e-01,-2.209629890028613097e+00
-2.707160430583242405e+00,-1.832180130357037973e+00
8.238483707335589656e+00,9.221337391390884264e+00
9.952550115309479750e+00,-7.585803582798779310e+00
-6.551075280309795801e+00,3.587877976193496465e+00
2.929693302026534774e+00,-8.630277239627503150e+00
1.521669370591206993e+00,3.498797951119764882e+00
-1.112886523931963367e+01,6.995126152024063515e+00
-2.339272291114366187e+00,-2.991130998025412158e+00
5.536843315867413295e+00,-4.256604898950021365e+00
2.111373472005335650e+00,1.902991950678194488e+00
-9.003828838006966429e-01,3.373195439912366034e+00
-2.939362396975963243e+00,-2.677984222667853853e+00
-2.070346858705206516e-01,5.054708117166380354e+00
-2.394744080872295733e+00,-1.566626901782415038e+00
7.623837976341707900e+00,-2.813473533609401223e+00
-2.361075884895831756e+00,6.865121267140850136e-01
3.783605707662500262e+00,-1.403298095721287719e+00
1.309717019464754273e+00,-6.873892768861677993e-01
-4.171563992351646988e+00,-3.030389183354450289e+00
4.669953152571852950e-01,-4.831565519635417694e+00
-4.976048296909863389e+00,1.570347989576525771e+00
8.504308523100467809e-03,6.314645545067978816e+00
5.884328253600920711e+00,-2.257223623611643859e-01
6.127421782278652529e-02,-4.291921696381931106e+00
2.916631067207511308e+00,2.250007919860550043e+00
-3.763048548957462103e+00,1.663789850144131321e+01
2.801013812839720529e+01,-7.314233248746459637e+00
-1.480693852041053304e+01,2.471348147142580221e-01
-5.451794403760938934e-01,-7.120387541563509615e+00
1.383098223022022122e+00,6.550436230022090633e+00
-3.460460002489806897e+01,-3.074895206496877087e-01
-8.202917600651016272e-02,-4.227808414004019966e+00
1.265989597294504954e+01,2.623002934548366305e+00
9.835254989801104131e+00,2.918457887196737488e+00
2.450409725081712509e-01,1.153536918374920894e+00
-8.836150651562210356e+00,6.916560658699647313e+00
-1.195534883089742095e+00,-7.682730539203075359e-01
-4.378994969401007964e+00,-1.036706098646254759e+01
-4.291225228123966673e+00,-5.495476651716851180e+00
-3.947014485549225071e+00,-3.607414349875624371e+00
-6.849562686647500120e-01,-6.595878833983301881e+00
-6.663075607766916875e+00,-3.418820037108661225e+00
3.894614968098046859e+00,-3.650719589571322921e+00
6.000076813547359222e-01,-2.279423617926282120e+00
7.376168619530448112e+00,5.410465319367077086e+00
5.835029332480187847e+00,-6.360318418271878604e-01
1.071971842859689161e+01,-2.358434359317267415e+00
3.985672446250322132e+00,7.059792045116001447e+00
3.467248372253028066e+00,8.335536135052660001e+00
3.968283614303861118e+00,-2.488096032196413177e+00
1.915348795691416806e+00,-8.901794663209376068e+00
-3.855261185359971421e+00,9.168696695657178708e+00
-1.027934023083064297e+01,-5.011415696201590997e+00
-7.574013212713115450e-03,-4.851444383484560419e+00
-1.276338961833369812e-01,1.072663408543356667e+01
-2.390188996902194773e+00,4.070034690847694314e+00
-6.963918279999700367e+00,-3.520262206481926448e+00
-1.848165330345802104e+00,-6.938680818939908512e+00
7.209238255389055716e+00,-1.434506319589452072e+00
4.497000077335748358e+00,1.077682009045529909e+00
6.124701182816944645e+00,-3.859896790500142227e+00
-1.902921885926273537e+00,-1.582696714647341185e+00
-4.608127219345332648e+00,3.091011002832764198e-01
1.546565511755567002e+00,4.578024244637417084e+00
-3.863729177025945205e+00,-2.689510334709248163e+00
-5.032922525430301164e+00,-1.830995045117234099e-01
-1.514479228425404500e+00,8.691413222023873786e+00
-7.835632269430439223e+00,1.218410629848258431e+00
3.300727739547204109e+00,7.118463589450412243e+00
6.588305537081080132e+00,-3.085265626011308271e+00
-4.533529852360050683e+00,-8.584334246275019398e-01
-4.226538453044425658e+00,7.556014158381776369e+00
-4.551102016596638711e-01,5.194836852344597578e-02
1.523560325564212192e+01,-8.147400977925491006e+00
-3.558958649010951092e+01,-2.674426243983259255e+01
4.311005803203443065e+00,3.294603424879716158e+01
-1.123035106901806657e+01,-2.103032408343922466e+00
1.590891202924022352e+01,-6.680545275344213607e+00
2.569171677836082779e+01,2.367789798027308734e+01
3.866662827253526391e+00,-3.076116543447038332e-02
-1.222567627465623019e+01,-1.004903002273375634e+01
-1.111342035247648141e+01,-1.170475766839502008e+01
-8.910785563774661355e+00,-9.066938122963927427e+00
2.370717789750923288e+00,-7.461902290743716470e+00
3.745690649856805887e+00,-9.268982253947847028e+00
-7.553947309903206175e+00,2.164014367802253425e+00
6.740707208271059514e+00,1.101778370077441949e+00
6.374140765846564527e+00,1.776814330881820503e+00
5.202966606461682630e+00,-3.041342712227158351e+00
1.073924778641134026e+01,7.279061033488872567e+00
7.830189957146107993e+00,2.488585793511289612e+00
-1.378037148435879988e+00,6.483562881684420631e+00
2.204373183704668726e+00,2.476857238914829118e-01
-5.286185429375740874e+00,2.874277660467807749e+00
-4.719927794414618738e+00,1.326570078751848625e+00
-5.197469992329208033e+00,1.296625866493540835e+00
3.980053199808020192e-01,-8.051868215564859099e-01
-5.062227473257562949e+00,-3.329388604395974172e-01
-7.929967846032267786e+00,1.694805113131986118e+00
6.476073870598145099e+00,3.868993317407103394e-01
2.359108694754865621e-01,4.028427398463760412e+00
-1.578814397408907055e+00,-2.706770153053658312e+00
7.119405480222102511e+00,-2.221239782178671796e+00
8.794901724120268938e+00,1.374729113976723260e+00
6.362655000000003724e-01,1.331530512801248012e+00
1.423392506160628290e+00,5.411764917213668369e+00
-2.509118106693792427e+00,-1.336734528746995609e+00
-1.907458189247608349e-01,-2.031018514917152906e+00
-1.459490951526835500e+00,6.651747423388082447e-01
-7.025771047020641369e-01,1.364788836625894897e+00
4.079268785174040346e+00,1.659675831516014277e+00
4.611273221530920452e+00,-3.704526586684461886e+00
-2.178823656601918568e+00,2.681745240619967774e+00
5.392501547593988587e-01,2.905464560989357015e-02
4.863002460550140071e+00,-1.417070061668083580e+00
-2.628945357085341605e-01,1.909085619173104043e+00
-4.456076106008424631e+00,-1.967520367007656645e+00
1.362623637015681233e+00,2.168740596627234840e+00
-2.176009508700940676e-01,-1.274274173482114136e+00
2.337931108495818755e+00,-6.106935471309481223e+00
-6.665015195621277755e+00,4.181261168563887853e-02
-5.960479460506049598e+00,-2.888709850902465570e-01
-5.817185924489178817e+00,1.408237200224188612e+01
1.601228263874386215e+01,-4.232059873456257115e+00
-4.406595577250421059e+00,7.987630682330387089e+00
-7.367325704037000378e+00,-5.250614130038606220e+00
5.666716639276603296e-01,-1.506667828359951500e+01
2.912257222413829005e+00,-5.627888599195531860e+00
1.462165249151149871e+00,2.324573500905767531e+00
2.209150129298163900e+00,5.617172764186991074e+00
-1.128528535171893221e+00,8.308413716232964319e+00
1.194074488088063823e-01,6.053770429391166275e+00
1.368749152973037120e+00,2.981540629051111946e+00
1.736949061428898045e+00,6.695378655962176850e+00
2.605848054592677876e+00,-2.261114487351794100e+00
2.322770040271210146e+00,5.896671315123285240e-01
-1.669692152681626407e+00,-6.168951021599728968e-01
1.626181466909724094e+00,-7.906071304782333886e-01
-7.821091421771519947e-02,-5.895399012484705992e+00
-2.841324208809056895e+00,-7.505398830040757030e-01
-5.045690545120189441e-01,-1.591703272857025731e+00
1.272700248552398605e-01,1.449747746644847179e+00
2.719743761156344863e+00,-1.955120963084625574e+00
-2.240012305991729402e+00,3.956003046767472275e-01
-1.893069078334165267e-01,-4.406554381550733979e+00
7.772118087029983302e-01,9.219648641321436244e-01
-4.258180730774729916e+00,2.079892345415900845e+00
1.857715298539865945e+00,-4.676076169470483102e+00
7.987561599435084148e+00,3.723124116671888917e+00
-3.386493281394425736e+00,3.224471111779243504e+00
-2.413930370958373928e+00,1.905652204654155080e+00
-2.930546955778551510e+00,1.499525199635756145e+00
-3.093218822771407250e+00,-1.542823832439183640e+00
3.426559439622214320e-01,7.174270647144205260e-01
-9.868390685929446793e-01,-2.723800109098233335e-01
-1.866251572809207726e+00,2.071309748953469754e+00
-9.759226978578776635e-01,1.566288476795315576e+00
8.838216323567051891e-01,-1.130659772776458682e+00
-2.372936874393456463e-01,-2.195005540556052015e+00
-1.269700537413668062e+00,-2.755155723507878740e+00
-4.614689609955962002e-01,5.848622518891806177e-01
-7.682317758911714201e-01,-7.136084905109058019e-01
9.397923891793160678e-01,-2.058253053976523361e+00
-8.821463450937057083e-01,1.446884885265451448e+00
1.103106911949604640e+00,-6.441400886563346528e-01
2.263021380203818378e+00,-3.711500299011372572e+00
1.636856858698028105e+00,-1.006671022858939946e+00
-6.258864126104490833e-01,1.459810548843800238e+00
-1.535777519826846405e+00,3.547395064092724759e+00
2.929042409417164095e-01,-6.142661897022543727e+00
-8.970069526873945875e+00,-1.644336973632551380e-02
1.616845398939413769e+01,1.082868902354471885e+01
-5.244211307958527968e+00,-1.279782396027446589e+00
-5.271480637541835712e+00,-8.073833760480162880e+00
-8.253812053206106558e-01,-1.278693014590625054e+01
-2.514070856160982359e+00,-5.912066676176102931e+00
-4.503849962853314626e-01,-7.496188352643740060e-01
2.158191563254208689e-01,-1.623136177731686614e-01
3.129355727640858564e+00,2.270794122352642219e+00
2.401648307725413822e+00,-1.402724706989878278e+00
4.089084756938254905e-01,3.009484305999888143e+00
1.515345738210626347e+00,2.203112475599093401e+00
3.108957999258533000e+00,1.088724799838020507e+00
6.283434151591836825e-01,2.975651023021092190e+00
7.619653112005804196e-01,3.510460955248099868e+00
3.981186784619304753e+00,-1.290514218654722711e+00
-2.471480484048101722e+00,-1.198614500158186047e-01
-1.377272124871399495e+00,-1.273796211128211953e+00
-1.104303767210792708e+00,2.043205528250751968e+00
1.459468186299630599e+00,-2.855095600822717294e+00
-5.176125896692700401e-01,-7.292191474553517683e-01
1.357137660380108635e+00,-5.402784874295598616e-01
-2.480450782138966304e+00,5.403069807522061785e-01
-2.362446533248026448e+00,2.779585061863848239e+00
-1.068619359017430215e+00,3.411523210181696797e+00
5.365710788139471887e+00,-5.951618664552677629e+00
-3.138384417085996247e+00,-1.023168359937967509e+00
1.288878952702516845e-01,2.276716245220534951e+00
-1.210073627144132580e+00,1.005539664195163940e+00
-1.077671589691993281e+00,1.648137063505710653e+00
9.046282152817775035e-02,2.542463376263317976e+00
-1.096262238425259827e+00,2.081302370231013388e+00
9.188474436054829830e-01,1.534296746653755594e+00
1.987779722462744258e+00,-1.004442337991640066e-02
7.276865691757816723e-02,-2.244928251755648196e-01
1.368158359700542448e+00,8.689104906590240374e-01
9.143660442122809595e-01,-1.443586716736384279e+00
-9.054066428601181826e-01,9.451146872421322120e-01
1.552331501666212255e+00,2.206884012186702826e+00
-4.879657562782633295e-01,3.051363788119626497e-01
-5.946346891112885835e-01,-6.081202815690137653e-01
7.220628243768113519e-01,-1.641299025523609068e+00
8.603369912268578057e-01,-1.094400306116453780e+00
6.479047723592217256e-01,-6.591732640957577161e-01
-1.474943062141997330e-01,6.169505036029122591e-01
-1.515400450465951288e-01,-7.480105663116960457e-01
-1.250733603850133102e+00,-1.119972742577340252e+00
-1.415168189883613259e+00,1.469392950725511682e+00
8.722991753492324918e+00,5.325795224730393684e+00
-4.908065687321380821e+00,-3.515690979282001649e+01
2.029386643191613437e+00,3.299941235404563855e+00
-6.922951421941367922e-01,7.303924575073975411e+00
-4.230800608937086427e-01,6.727352575554737868e+00
-7.960877120761613579e-01,5.476005146527912260e+00
-1.936898393582688893e-01,5.780293755036135295e+00
7.978436525892228515e-01,6.065722512409502443e+00
-2.325435871960767897e-01,4.445497452019077755e+00
5.864609165884443476e-01,2.526786403006294535e+00
-1.661518901941954063e+00,1.041225595098590251e+00
7.665458550821948602e-01,1.919768919658052297e+00
-9.834234611347497657e-01,-1.767402665658435401e+00
-3.085770134990074021e-01,1.382278874427127491e+00
-4.311944502279896341e-04,5.883295574701663533e-01
1.525925831851337122e+00,1.773494536228409357e+00
-1.572633780002573589e+00,4.072610830508278101e-01
-1.778330171870105003e-01,1.427905859748380024e+00
6.863098650833252545e-01,6.634731180577106979e-01
9.795943601371289722e-01,8.460058367577599769e-02
7.863692436897531390e-01,4.540017550008537683e-01
-7.221666939860205137e-01,1.209216094065124869e+00
7.217494295174794461e-01,6.342147997065050724e-01
3.375301689970474084e-01,1.826566786911049345e+00
4.497264581610502798e-01,3.821602643559239176e+00
