2.845596168500000545e+01,-0.000000000000000000e+00
3.381403319257850537e+00,7.970405038587401236e+00
5.644593424851896302e+00,3.268389768772212989e+00
5.211508492846867568e+00,3.657232337742012618e+00
3.771807810261309513e+00,5.979704892335749200e+00
4.156180743193685245e+00,7.184795310330166274e+00
2.121446419848251885e+00,5.219471497328424192e+00
4.096239141097105296e+00,8.422416135889964295e+00
8.475178611990059618e-01,8.261630575162554280e+00
-9.533112558088281396e-01,5.235627188965599643e+00
-7.807469654435439388e-02,6.089271835935316624e+00
-3.614833794592598792e+00,5.417851355705059824e+00
-1.103828507050060859e+00,2.118156443382144705e+00
-3.880629486870876832e+00,3.905593225028706428e+00
-1.909278685336939008e+00,5.422783675824301319e+00
-3.097946899917129571e+00,5.645474782704940964e+00
-6.028786059563457922e-01,2.031002688261776878e+00
-4.932308004379891031e+00,3.190598223647179488e+00
-1.212352732251254395e+00,8.889987885768166898e-01
-3.695817810283698712e+00,1.459823099637951316e+00
-4.143509975122638522e+00,-2.335134485663183934e+00
-3.340720325196747886e+00,-7.907622286098094921e-01
2.280964572867416607e-02,-1.972450970667776193e-01
6.029511899888778004e+00,2.416953712695087964e-01
-1.485036149969363173e-01,3.153683508868987850e+00
-3.443207059146544236e+00,-2.092473152595310193e+00
-3.253180604229361172e+00,6.334119348725030463e+00
-2.952807560537515474e+00,-2.560639567774685155e-01
-3.192949947622743423e+00,1.427706454457081442e+00
-1.973659499113800342e+00,4.606077970360324958e-01
-1.889002930308659067e+00,-1.316895340594565811e+00
-2.953436605979943508e+00,-3.160997039717782897e+00
-9.910522352974642235e-01,8.384127551501092679e-01
-2.708459590968778752e+00,-5.181317779684457392e+00
5.006509983768530070e-01,-2.343883732832071409e+00
-2.818098084170330253e+00,-1.742043036836709913e+00
-2.303176366063048874e-01,-1.384380836743717147e+00
2.986165643664578262e+00,1.720167394947119677e+00
1.686662623219752799e+00,-1.625634177979206729e+00
-1.017041406893706368e+00,4.080487319755322417e+00
-2.012667623390627547e+00,8.581228167336146129e+00
-8.071474401286014455e+00,1.052591486289935929e+01
-8.574360455019050420e+00,8.410933461095805086e+00
-1.697208909676764321e+01,6.867693656871380448e+00
-2.404463117138315198e+01,4.574497801950736076e+00
-1.990085071374529235e+01,-3.975912151640978554e+00
-4.789079232290552213e+00,-4.442274908547765300e+00
3.139682525719679163e+01,9.706331910915487526e+00
2.840596911352221809e+01,3.302811839760394008e+01
-1.555883531467731729e+01,-9.150425744431105457e+00
3.262180072952469345e+01,-4.645512132616089218e+01
-4.591948942470675377e+01,1.075074625413612495e+01
2.311325521063552202e+01,1.293006859263309849e+01
6.930639016166109556e+00,-1.609764825335293281e+01
-6.631118410716163591e-02,2.291268635873342951e+00
4.386063683282781511e-02,1.109324422174853630e+01
3.223694223959225003e+00,1.808044699642644915e+00
5.421887795092300344e+00,1.282994163523529796e-01
3.120587649015271747e-01,4.971258535685231017e+00
1.173615157235942341e+00,4.057401390009628628e+00
8.667523226069430153e-01,3.627312636680183999e+00
-1.940032162368232616e+00,-7.993830272407120852e-01
-2.984189752496394288e+00,1.096893735000854520e-01
-5.577812516703182233e+00,1.729537890171656267e-01
-2.083870625723327485e+00,-3.187854142706125327e+00
-2.618931629776049874e+00,-2.786043387975620345e+00
4.405914159641426409e-01,-2.706240212700371295e+00
-1.739913564324578665e+00,-1.796857841040380155e+00
3.522951899304302970e-01,-4.201375524643612636e+00
-5.928144670573924913e+00,-3.619561175964026489e+00
-4.527874637209336584e+00,-5.595996412611158988e+00
-2.151190935804391913e+00,-2.742832470817829993e+00
5.941541287241075331e+00,7.173027839457766675e+00
3.629012438970748988e+00,4.821142621057630251e+00
-1.323314981667773615e+00,-1.236750099806950498e+00
6.569770700708314592e+00,2.725586597811903378e+00
-4.742178434541102661e+00,-1.077961607799983179e-01
-2.557739618480717958e+00,6.179701391817297385e+00
5.069833664274297824e+00,-1.312165284818189948e+00
-7.273295989671709760e-01,1.157319105255803171e+00
-2.943328661376054978e+00,-2.576752262309535801e+00
2.659240078150930664e+00,-5.927073635268127916e+00
4.621132740982827891e-01,-3.988796800681040811e+00
3.657626400048326953e+00,-7.820330514434036928e+00
9.737991264240989153e+00,-6.188355559540972273e-01
6.573179649412701053e+00,-1.700402124058032705e+00
5.176900551767213088e+00,6.288631800351673906e-01
5.903520750904907466e+00,3.110560705263074599e+00
-1.986128448540003699e+00,2.285794913371045567e+00
8.636527082246063802e-01,2.741586384053970704e+00
-5.688711658646692371e+00,-8.283205489343850036e-01
-6.780696586470467579e+00,-7.041382317594744755e+00
2.914813358182428704e-01,-9.737962767714870793e+00
-6.757073565279170246e-01,-2.394119691737626177e-01
-8.487495983413371192e+00,1.009960835143338187e+01
-1.402183863483866944e+01,1.726670281410153152e+01
-1.141285658725436392e+01,-3.971992941676364408e-01
1.796680121532333985e+01,-4.662821099553975834e+00
2.690327862357706046e+00,1.870722395277282901e+00
-1.540848162113487163e+01,-1.840641885149237567e+01
1.055484618456776147e+01,-2.406735646050290889e-01
-1.871247821382860366e+01,5.285594368595400994e+00
1.541287526832084431e+01,4.379577195732871076e+00
-7.771816590322325524e+00,-2.377263408594781779e+01
-4.903453454367260100e+00,7.045972710845747500e+00
3.503073927365188744e+00,6.609061706936707026e+00
4.350916408969494498e+00,-3.350436235110911820e+00
-2.249655556799743827e+00,-6.783933513478055399e-01
2.639877193139117395e+00,5.547305605216176438e+00
4.347046894318430610e+00,3.686035251197000040e+00
1.154250837823545872e+00,3.266836633502483433e-01
1.363226948347628920e-02,-6.437578621506307996e-01
-8.894147172880084717e-02,5.222077257784074611e+00
3.355710804692193072e+00,4.126496145916785707e+00
-3.926488435889601281e+00,2.887563260798219122e+00
-1.088010527758528134e+00,-5.873865637032877896e-01
2.933553521192656888e+00,6.430591495543946934e-02
4.289493008470277147e+00,-5.502401254524103891e+00
4.897562116744786032e+00,-1.312411348091744756e+00
-2.667983910342313081e+00,2.870441408538759731e-02
-4.836733814427990552e+00,2.507200721316604763e-01
2.538514183254700463e+00,-1.814909877068591637e+00
6.902261467284986018e+00,6.647054646431574731e+00
-6.457862067730421041e-01,5.597262316509894475e-01
2.937784508122993188e+00,-4.762667328832180580e+00
-3.353292090769222966e+00,4.602842287913116337e+00
2.256107105589236994e+00,-2.075042328087878807e-01
-2.958471765530509057e+00,7.133390370581546236e+00
6.520013377842261981e+00,-3.511815129591616902e+00
-6.604749343744071410e+00,-3.294309430791909854e+00
-2.680838014987531714e+00,5.741560649319561449e-01
6.846657960869342308e-01,1.967773137510836490e+00
6.649750277576206292e-01,-1.737971065537739168e+00
-2.444392632939924592e-01,-1.381027503232913123e+00
-1.486284888886092448e+00,4.268399096259883896e-01
1.194465099826239385e+00,-1.777289882010230082e+00
4.483860269953643396e+00,1.425804060918270944e+00
5.696170955885284659e-01,1.410538986265379435e+00
-2.729681429818085481e-01,2.755854444686651306e+00
6.407796754717998589e+00,3.247310539594890244e+00
-4.167183809561851859e-01,-2.993034222010886314e-01
-3.101598568290413471e+00,-9.292523156205004797e-01
-7.116659247976131475e-01,-1.781966704081053621e+00
4.465962402729983793e-01,-2.088336329313035256e-01
-4.044653813190870473e+00,3.190397484998932942e+00
1.818180941850304488e-01,1.718258874554118965e+00
1.488556106406369040e+00,-3.554151174121577217e+00
-1.325392566965723162e+00,-1.279357627180853330e+00
-4.752840922419199643e+00,-6.493447856570313981e+00
-2.019336902393227717e+00,-4.133939927274655091e+00
-1.200601932724433052e+00,3.429835305566362180e+00
2.677750712648720555e+00,-3.643457399596389479e+00
-2.462016826412527504e-01,4.926526622704731073e-01
2.324582679341371083e+00,-1.338448441676177492e+00
6.702367527181871676e-01,5.590936810786671929e-01
4.193989970773374765e+00,4.309579018785929250e-02
-2.738919227361424902e-02,-6.708590378708497726e-01
5.923154116662702195e-01,3.956653381707035955e-01
3.284437176980919304e+00,1.706863303244553709e+00
4.132727664309832072e-01,3.648911240065520367e+00
-1.645910449836422540e+00,1.428577654879997771e+00
-1.685903614668962325e+00,1.458668069602573780e+00
-3.022200055978234268e+00,3.102053018883148994e+00
2.135942525402072967e+00,-1.112593705843177849e-01
-2.760854612252533258e+00,6.459824191734468979e-01
9.816595648347941072e-01,1.603082071294137378e+00
-5.189648306622065554e-01,3.633931155412109426e+00
-3.776534547339561954e+00,-2.795412840584919678e+00
-2.049331204491563252e+00,1.892972481230047688e+00
2.436975184400537842e+00,6.626056040999129815e-01
-4.172042559662632044e-01,3.253027969410311915e+00
-3.373066252026324374e-03,5.219345343168435569e-02
2.919108948685284144e+00,4.740394006144176942e+00
-9.951337455475706140e-01,3.358592827329021535e+00
4.447588813857938916e-02,5.755864063143090625e+00
-3.301445147333074814e+00,-8.206158676631269966e-01
-2.293042835252237843e+00,4.073518281800744489e+00
-3.457292061311593834e+00,2.902038947517753265e-01
-3.903509361321912507e+00,2.605761994115849411e-01
-4.118671446492847110e+00,-1.109164498114903807e+00
-1.025926497685612837e+00,-1.116826707196388879e+00
1.242184082853882821e+00,-5.067610747541079874e+00
-8.677157331589926414e-01,-3.509259635253312304e+00
-6.242178588057933908e-01,-1.559796819288683301e+00
-1.649732307458556146e+00,-2.285458768377468530e+00
-1.512138796351036873e-02,-1.730336452020262428e+00
1.944293571362278428e+00,-1.904121769392369323e+00
1.345520514542142054e+00,1.081759559027583251e+00
3.602682006419729355e+00,-2.471658264026308949e+00
3.987929721396707539e+00,1.462125450031617202e+00
2.464491981095016992e+00,1.759164476864110593e+00
-9.316058749379296788e-01,1.509536788843359512e+00
-1.523246636864605819e-01,-2.322573958579136288e+00
2.375057973709615577e+00,2.519244359595936178e+00
-1.134146931713491568e+00,3.373436478749626488e+00
-2.445741866562546551e+00,2.280733546189103400e+00
2.094614828081313718e-01,-3.884611762908218413e+00
-1.129020629847751866e+00,1.032660125007867746e+00
-3.756415411903064161e+00,-3.695426423807910421e+00
-4.891117460364442504e-01,6.743888004280797155e+00
-1.985357173253461394e-01,4.019008243450409523e+00
6.689177579343721369e+00,-2.525166774907396494e+00
-5.907759307267964388e+00,7.663855975448785607e-02
7.765083408325708980e+00,-1.084708795693026140e+00
-3.777829780670722837e-01,2.113937346854142807e-01
8.894179051743286379e+00,5.639498135154492608e-01
2.073257278148242511e-01,-4.074751783241874037e+00
1.157046831190503333e+00,-1.210621360510589994e+00
4.232694771100824482e+00,-5.460330096362389085e-01
9.995673096862134344e-01,1.993636818460046367e+00
-3.665956273281601785e+00,4.308855821335342284e+00
-2.447083768080847932e+00,4.169446222159514548e+00
1.802012132681370282e+00,1.623214190609337582e+00
-2.141841743651443863e+00,-1.258553503010173547e+00
-6.298015964512499565e+00,-2.056126162752050845e+00
-4.002509354969527422e+00,-2.996643263092222398e+00
-4.053085156599154359e-01,-4.140981495476087737e+00
-2.368866578584655436e+00,-4.062101519431115193e+00
2.810606305941561800e+00,2.504776703760980272e-01
-1.720012079279808370e+00,4.550892016387372507e+00
2.535032731784077953e+00,-1.643307852578151040e+00
3.641780708158488977e+00,-9.147441095474410089e-01
1.857562892747019578e+00,2.969932102481189773e+00
-3.407833333660599262e-01,-2.605763120647344167e+00
-2.016802675733510242e+00,3.456821747559390978e+00
-7.984053679029463613e-01,1.911946047312750308e-01
-8.364737143171125933e-01,2.999232228890429841e+00
-4.245136826329781732e-01,-5.668494739089302570e+00
-1.251463400357206490e+00,5.015886006890736937e+00
2.116990295865030181e+00,1.111747882230107454e+00
2.584419196170386623e-01,-9.444960936209001456e-01
-2.825844688224592005e+00,-5.877980271018733660e+00
-5.708634940612561159e+00,-3.925545369143204510e+00
-2.487950422041376619e+00,-3.227981563247639407e-01
-7.227941214374586920e+00,1.242238297346425213e-01
-5.573437507352205778e-01,-1.046601692318374743e+00
6.609679453456292819e+00,1.583283444638889703e+00
6.954578634918434643e-01,7.106119607469951749e-01
4.339026938650163423e+00,-5.507163192609388247e+00
2.421365497493142449e+00,-4.760129349593698933e+00
9.957440431640756096e-01,-2.546159590375438597e+00
-7.312305554421799414e+00,2.540043300878591648e+00
-1.479243099395285643e+00,4.213473589570990718e-01
8.551861864999992235e-01,-3.398843350769256588e+00
2.598895617398869096e+00,1.773380841574279110e-01
-2.195772177694382155e+00,-6.078049441147697074e-01
-3.043545334623091403e+00,2.295439086515239424e+00
-3.743797752447925120e+00,5.376168102556432515e+00
2.246918483529992905e+00,6.342987777549784489e-01
5.638254873715699000e-01,3.040996244706819063e+00
-9.028576945127144704e-01,-1.084407740710331636e+00
-7.293155183295374488e-03,-2.091778511882663949e+00
3.157956177500986783e-02,5.431543092560692010e+00
6.158019843782134295e+00,-5.799887553478457747e+00
-1.076809117323229259e+00,-4.098371095602220127e-01
4.216857399379342120e+00,-1.491063174247725609e+00
-3.568265331336675672e+00,1.158811070490057604e+00
-2.048669922769204899e+00,5.273411139561694938e+00
7.544401341664010996e-01,-1.252612696413705651e+00
-1.624797023581785904e+00,-1.219115397587014371e+00
-1.706665657827442173e+00,6.526629620228165507e+00
1.052789528488258686e+00,-6.165920320189856030e-01
-2.535329491391606904e-01,-5.016610997018905671e+00
-3.904742531603361044e+00,4.808805893255787556e-01
4.533915807130776132e-01,2.226600298231232955e+00
3.073235047077995663e-01,-8.669545590699777593e-01
-2.641316018340618577e+00,-2.448537046119207972e+00
-2.183281513592774115e+00,-1.056116356383115518e+00
4.210535812337316663e+00,2.214673114528459053e+00
-1.690373007598098498e+00,1.398978272132260781e+00
3.426092178391457743e+00,-8.686361592420368538e-01
4.735735476097631125e-01,-4.291457278851290802e+00
2.884629169780250635e-02,2.307557820093300016e+00
1.181669904374886837e-01,-3.894166169248297837e+00
2.006573173580402880e+00,2.566138564657965748e+00
7.205835646008621254e+00,-1.345396459300584491e+00
-3.186769568160352062e+00,5.828739039162833535e+00
-2.333043369327102656e+00,-1.701648488462635722e+00
-5.198821976027763192e-01,6.820171751300075691e+00
3.846191488156532223e+00,-4.066621379860561269e+00
5.682464007741446776e-01,-9.810829845321444864e-01
-2.508105732961149137e+00,-3.054046326823025126e+00
-3.527037033190026705e+00,-4.600036722928130817e-01
-1.226907335368134788e+00,1.610432295477790987e+00
-2.135728209725938243e+00,3.181673732825248457e+00
4.136084229702352566e+00,-2.230920190537730718e-01
2.599454995279132596e+00,7.393449021089737450e-01
1.288848956219519115e+00,1.797896431932760386e+00
1.839412605564322511e+00,-1.913067595841237978e+00
-5.029144214460523621e-01,-3.731950434488141788e+00
3.470834244300873728e+00,-5.832890908613959091e-01
-1.530163316063848145e+00,7.451274966566348024e-01
3.074524113416090998e+00,-1.066936691989717412e+00
2.023037282558775463e+00,7.483385917812399590e-01
-4.729883402175428131e+00,8.811902393422039736e-01
-3.106862143635034101e+00,-4.043245311634482420e+00
-3.209088053019230724e+00,4.551037324162093611e+00
-4.611269179131957330e+00,1.923604115039023732e+00
1.882840580208730463e+00,-1.555538665078267435e+00
-1.034780369847830839e+00,-3.062187433850937168e+00
3.217853695488138710e-01,2.451496418581884384e-01
5.080916925648024218e+00,7.664848749140409367e-01
1.405531202640605049e+00,-6.710147052306709714e-01
4.700422148074377304e+00,-1.942962514446213484e+00
-5.188661052683896990e+00,-4.382518401789983642e+00
2.627065926237267757e+00,7.594330529911713867e+00
2.181667462202602437e+00,-8.123171999168230517e-01
-1.423631314114299773e+00,7.642141150525940674e+00
1.405817470010934933e+00,-1.908408305531969607e+00
-6.310285989107410565e+00,-1.659003127654149479e+00
1.661472101883129548e+00,6.150709484515463288e+00
6.203455629806590821e+00,6.886328245962741734e-02
-3.048532912395013561e+00,-5.712851153582488628e+00
-4.800106540104120079e+00,5.889642703168201265e+00
1.499806682209043007e+00,4.083036691459380307e+00
-9.822020510015145867e-01,-2.618466639863215484e+00
-5.532393583449794150e+00,-3.473216325007949745e+00
2.270247315186765036e+00,-5.925284135653540174e-01
3.506240141616621120e+00,-1.640848224445362824e+00
-4.918834936164898863e+00,-5.189694824988273503e+00
1.147648850326018044e+00,-4.071976816221652307e+00
3.233683830333428322e+00,1.375705107000768646e+00
3.134930373085635047e+00,2.947107088320035650e+00
8.183249999201369640e-02,1.194145189298098764e+00
-3.067221791172695333e+00,-5.025810399046213295e-01
1.363084404787165527e+00,-1.661254488839708499e-01
-2.276125001976827988e+00,2.310589180302311973e+00
4.496504474083035774e+00,3.543517298071570565e+00
1.172079192051063146e-01,4.365350305265915054e+00
1.678895665824477135e+00,-4.785463949813253848e+00
-4.326517212267495971e+00,-1.143976075958712535e+00
-4.629904951801185220e+00,-8.928427743795848415e-02
-2.088894274161431142e+00,2.101043954801532498e-01
-4.646359679824907385e-01,1.528124108296888384e+00
-1.505578318784983383e+00,1.306400403016264367e+00
2.444957252706348338e+00,-1.573508221208527402e+00
3.221811474955913912e+00,7.184089212145305936e-02
1.754250479247200678e+00,-1.004133545936711780e+00
1.563606239351233995e-02,-3.356572995873777110e+00
-6.669560681002247859e-01,-6.534188017617179600e-01
3.102721783283548973e+00,2.191940613396865078e+00
-2.474403188369111717e-01,2.069978325181661916e+00
-1.370013962903327664e+00,-8.184359549165587389e-01
6.798779111425838906e-01,1.483290064177666956e+00
-2.883856098837641380e+00,3.561363397856110780e+00
-1.014400499571982639e+00,-6.905016064594527991e-01
1.102254696636396858e+00,1.348612365492019682e+00
-1.293262353820268551e+00,1.563196067832006708e-01
-8.504188307507848377e-02,-3.785989554844082505e-02
-3.708825370273195254e+00,-1.090259092817075892e+00
1.915140946208672146e+00,1.617565620284624694e+00
9.765506816830292758e-01,-2.059929415346071657e+00
9.199530751811269003e-01,-2.262644024745176008e+00
-1.572027079802636562e+00,1.842468642899965037e+00
-8.031775992995359159e-01,-2.343535018457372221e+00
3.275256003636992652e+00,1.136971145098770064e+00
-4.280824607747237831e-01,-5.236211841546569268e+00
7.553783540197449575e-01,3.838963787313987019e+00
3.454610372932372719e+00,1.749043945827829738e+00
-1.729156990005726868e-01,4.926672952523163396e-01
-3.193646274926311257e+00,8.751064597211963836e-01
-2.552722747907565370e+00,1.355498555723974929e+00
-3.805605153293709630e-01,3.657826988948502667e+00
-4.473514340251502075e-01,3.602910180355418213e+00
-7.507525516470705540e-01,-1.097173870643084470e-01
-7.507525516470705540e-01,1.097173870643084470e-01
-4.473514340251502075e-01,-3.602910180355418213e+00
-3.805605153293709630e-01,-3.657826988948502667e+00
-2.552722747907565370e+00,-1.355498555723974929e+00
-3.193646274926311257e+00,-8.751064597211963836e-01
-1.729156990005726868e-01,-4.926672952523163396e-01
3.454610372932372719e+00,-1.749043945827829738e+00
7.553783540197449575e-01,-3.838963787313987019e+00
-4.280824607747237831e-01,5.236211841546569268e+00
3.275256003636992652e+00,-1.136971145098770064e+00
-8.031775992995359159e-01,2.343535018457372221e+00
-1.572027079802636562e+00,-1.842468642899965037e+00
9.199530751811269003e-01,2.262644024745176008e+00
9.765506816830292758e-01,2.059929415346071657e+00
1.915140946208672146e+00,-1.617565620284624694e+00
-3.708825370273195254e+00,1.090259092817075892e+00
-8.504188307507848377e-02,3.785989554844082505e-02
-1.293262353820268551e+00,-1.563196067832006708e-01
1.102254696636396858e+00,-1.348612365492019682e+00
-1.014400499571982639e+00,6.905016064594527991e-01
-2.883856098837641380e+00,-3.561363397856110780e+00
6.798779111425838906e-01,-1.483290064177666956e+00
-1.370013962903327664e+00,8.184359549165587389e-01
-2.474403188369111717e-01,-2.069978325181661916e+00
3.102721783283548973e+00,-2.191940613396865078e+00
-6.669560681002247859e-01,6.534188017617179600e-01
1.563606239351233995e-02,3.356572995873777110e+00
1.754250479247200678e+00,1.004133545936711780e+00
3.221811474955913912e+00,-7.184089212145305936e-02
2.444957252706348338e+00,1.573508221208527402e+00
-1.505578318784983383e+00,-1.306400403016264367e+00
-4.646359679824907385e-01,-1.528124108296888384e+00
-2.088894274161431142e+00,-2.101043954801532498e-01
-4.629904951801185220e+00,8.928427743795848415e-02
-4.326517212267495971e+00,1.143976075958712535e+00
1.678895665824477135e+00,4.785463949813253848e+00
1.172079192051063146e-01,-4.365350305265915054e+00
4.496504474083035774e+00,-3.543517298071570565e+00
-2.276125001976827988e+00,-2.310589180302311973e+00
1.363084404787165527e+00,1.661254488839708499e-01
-3.067221791172695333e+00,5.025810399046213295e-01
8.183249999201369640e-02,-1.194145189298098764e+00
3.134930373085635047e+00,-2.947107088320035650e+00
3.233683830333428322e+00,-1.375705107000768646e+00
1.147648850326018044e+00,4.071976816221652307e+00
-4.918834936164898863e+00,5.189694824988273503e+00
3.506240141616621120e+00,1.640848224445362824e+00
2.270247315186765036e+00,5.925284135653540174e-01
-5.532393583449794150e+00,3.473216325007949745e+00
-9.822020510015145867e-01,2.618466639863215484e+00
1.499806682209043007e+00,-4.083036691459380307e+00
-4.800106540104120079e+00,-5.889642703168201265e+00
-3.048532912395013561e+00,5.712851153582488628e+00
6.203455629806590821e+00,-6.886328245962741734e-02
1.661472101883129548e+00,-6.150709484515463288e+00
-6.310285989107410565e+00,1.659003127654149479e+00
1.405817470010934933e+00,1.908408305531969607e+00
-1.423631314114299773e+00,-7.642141150525940674e+00
2.181667462202602437e+00,8.123171999168230517e-01
2.627065926237267757e+00,-7.594330529911713867e+00
-5.188661052683896990e+00,4.382518401789983642e+00
4.700422148074377304e+00,1.942962514446213484e+00
1.405531202640605049e+00,6.710147052306709714e-01
5.080916925648024218e+00,-7.664848749140409367e-01
3.217853695488138710e-01,-2.451496418581884384e-01
-1.034780369847830839e+00,3.062187433850937168e+00
1.882840580208730463e+00,1.555538665078267435e+00
-4.611269179131957330e+00,-1.923604115039023732e+00
-3.209088053019230724e+00,-4.551037324162093611e+00
-3.106862143635034101e+00,4.043245311634482420e+00
-4.729883402175428131e+00,-8.811902393422039736e-01
2.023037282558775463e+00,-7.483385917812399590e-01
3.074524113416090998e+00,1.066936691989717412e+00
-1.530163316063848145e+00,-7.451274966566348024e-01
3.470834244300873728e+00,5.832890908613959091e-01
-5.029144214460523621e-01,3.731950434488141788e+00
1.839412605564322511e+00,1.913067595841237978e+00
1.288848956219519115e+00,-1.797896431932760386e+00
2.599454995279132596e+00,-7.393449021089737450e-01
4.136084229702352566e+00,2.230920190537730718e-01
-2.135728209725938243e+00,-3.181673732825248457e+00
-1.226907335368134788e+00,-1.610432295477790987e+00
-3.527037033190026705e+00,4.600036722928130817e-01
-2.508105732961149137e+00,3.054046326823025126e+00
5.682464007741446776e-01,9.810829845321444864e-01
3.846191488156532223e+00,4.066621379860561269e+00
-5.198821976027763192e-01,-6.820171751300075691e+00
-2.333043369327102656e+00,1.701648488462635722e+00
-3.186769568160352062e+00,-5.828739039162833535e+00
7.205835646008621254e+00,1.345396459300584491e+00
2.006573173580402880e+00,-2.566138564657965748e+00
1.181669904374886837e-01,3.894166169248297837e+00
2.884629169780250635e-02,-2.307557820093300016e+00
4.735735476097631125e-01,4.291457278851290802e+00
3.426092178391457743e+00,8.686361592420368538e-01
-1.690373007598098498e+00,-1.398978272132260781e+00
4.210535812337316663e+00,-2.214673114528459053e+00
-2.183281513592774115e+00,1.056116356383115518e+00
-2.641316018340618577e+00,2.448537046119207972e+00
3.073235047077995663e-01,8.669545590699777593e-01
4.533915807130776132e-01,-2.226600298231232955e+00
-3.904742531603361044e+00,-4.808805893255787556e-01
-2.535329491391606904e-01,5.016610997018905671e+00
1.052789528488258686e+00,6.165920320189856030e-01
-1.706665657827442173e+00,-6.526629620228165507e+00
-1.624797023581785904e+00,1.219115397587014371e+00
7.544401341664010996e-01,1.252612696413705651e+00
-2.048669922769204899e+00,-5.273411139561694938e+00
-3.568265331336675672e+00,-1.158811070490057604e+00
4.216857399379342120e+00,1.491063174247725609e+00
-1.076809117323229259e+00,4.098371095602220127e-01
6.158019843782134295e+00,5.799887553478457747e+00
3.157956177500986783e-02,-5.431543092560692010e+00
-7.293155183295374488e-03,2.091778511882663949e+00
-9.028576945127144704e-01,1.084407740710331636e+00
5.638254873715699000e-01,-3.040996244706819063e+00
2.246918483529992905e+00,-6.342987777549784489e-01
-3.743797752447925120e+00,-5.376168102556432515e+00
-3.043545334623091403e+00,-2.295439086515239424e+00
-2.195772177694382155e+00,6.078049441147697074e-01
2.598895617398869096e+00,-1.773380841574279110e-01
8.551861864999992235e-01,3.398843350769256588e+00
-1.479243099395285643e+00,-4.213473589570990718e-01
-7.312305554421799414e+00,-2.540043300878591648e+00
9.957440431640756096e-01,2.546159590375438597e+00
2.421365497493142449e+00,4.760129349593698933e+00
4.339026938650163423e+00,5.507163192609388247e+00
6.954578634918434643e-01,-7.106119607469951749e-01
6.609679453456292819e+00,-1.583283444638889703e+00
-5.573437507352205778e-01,1.046601692318374743e+00
-7.227941214374586920e+00,-1.242238297346425213e-01
-2.487950422041376619e+00,3.227981563247639407e-01
-5.708634940612561159e+00,3.925545369143204510e+00
-2.825844688224592005e+00,5.877980271018733660e+00
2.584419196170386623e-01,9.444960936209001456e-01
2.116990295865030181e+00,-1.111747882230107454e+00
-1.251463400357206490e+00,-5.015886006890736937e+00
-4.245136826329781732e-01,5.668494739089302570e+00
-8.364737143171125933e-01,-2.999232228890429841e+00
-7.984053679029463613e-01,-1.911946047312750308e-01
-2.016802675733510242e+00,-3.456821747559390978e+00
-3.407833333660599262e-01,2.605763120647344167e+00
1.857562892747019578e+00,-2.969932102481189773e+00
3.641780708158488977e+00,9.147441095474410089e-01
2.535032731784077953e+00,1.643307852578151040e+00
-1.720012079279808370e+00,-4.550892016387372507e+00
2.810606305941561800e+00,-2.504776703760980272e-01
-2.368866578584655436e+00,4.062101519431115193e+00
-4.053085156599154359e-01,4.140981495476087737e+00
-4.002509354969527422e+00,2.996643263092222398e+00
-6.298015964512499565e+00,2.056126162752050845e+00
-2.141841743651443863e+00,1.258553503010173547e+00
1.802012132681370282e+00,-1.623214190609337582e+00
-2.447083768080847932e+00,-4.169446222159514548e+00
-3.665956273281601785e+00,-4.308855821335342284e+00
9.995673096862134344e-01,-1.993636818460046367e+00
4.232694771100824482e+00,5.460330096362389085e-01
1.157046831190503333e+00,1.210621360510589994e+00
2.073257278148242511e-01,4.074751783241874037e+00
8.894179051743286379e+00,-5.639498135154492608e-01
-3.777829780670722837e-01,-2.113937346854142807e-01
7.765083408325708980e+00,1.084708795693026140e+00
-5.907759307267964388e+00,-7.663855975448785607e-02
6.689177579343721369e+00,2.525166774907396494e+00
-1.985357173253461394e-01,-4.019008243450409523e+00
-4.891117460364442504e-01,-6.743888004280797155e+00
-3.756415411903064161e+00,3.695426423807910421e+00
-1.129020629847751866e+00,-1.032660125007867746e+00
2.094614828081313718e-01,3.884611762908218413e+00
-2.445741866562546551e+00,-2.280733546189103400e+00
-1.134146931713491568e+00,-3.373436478749626488e+00
2.375057973709615577e+00,-2.519244359595936178e+00
-1.523246636864605819e-01,2.322573958579136288e+00
-9.316058749379296788e-01,-1.509536788843359512e+00
2.464491981095016992e+00,-1.759164476864110593e+00
3.987929721396707539e+00,-1.462125450031617202e+00
3.602682006419729355e+00,2.471658264026308949e+00
1.345520514542142054e+00,-1.081759559027583251e+00
1.944293571362278428e+00,1.904121769392369323e+00
-1.512138796351036873e-02,1.730336452020262428e+00
-1.649732307458556146e+00,2.285458768377468530e+00
-6.242178588057933908e-01,1.559796819288683301e+00
-8.677157331589926414e-01,3.509259635253312304e+00
1.242184082853882821e+00,5.067610747541079874e+00
-1.025926497685612837e+00,1.116826707196388879e+00
-4.118671446492847110e+00,1.109164498114903807e+00
-3.903509361321912507e+00,-2.605761994115849411e-01
-3.457292061311593834e+00,-2.902038947517753265e-01
-2.293042835252237843e+00,-4.073518281800744489e+00
-3.301445147333074814e+00,8.206158676631269966e-01
4.447588813857938916e-02,-5.755864063143090625e+00
-9.951337455475706140e-01,-3.358592827329021535e+00
2.919108948685284144e+00,-4.740394006144176942e+00
-3.373066252026324374e-03,-5.219345343168435569e-02
-4.172042559662632044e-01,-3.253027969410311915e+00
2.436975184400537842e+00,-6.626056040999129815e-01
-2.049331204491563252e+00,-1.892972481230047688e+00
-3.776534547339561954e+00,2.795412840584919678e+00
-5.189648306622065554e-01,-3.633931155412109426e+00
9.816595648347941072e-01,-1.603082071294137378e+00
-2.760854612252533258e+00,-6.459824191734468979e-01
2.135942525402072967e+00,1.112593705843177849e-01
-3.022200055978234268e+00,-3.102053018883148994e+00
-1.685903614668962325e+00,-1.458668069602573780e+00
-1.645910449836422540e+00,-1.428577654879997771e+00
4.132727664309832072e-01,-3.648911240065520367e+00
3.284437176980919304e+00,-1.706863303244553709e+00
5.923154116662702195e-01,-3.956653381707035955e-01
-2.738919227361424902e-02,6.708590378708497726e-01
4.193989970773374765e+00,-4.309579018785929250e-02
6.702367527181871676e-01,-5.590936810786671929e-01
2.324582679341371083e+00,1.338448441676177492e+00
-2.462016826412527504e-01,-4.926526622704731073e-01
2.677750712648720555e+00,3.643457399596389479e+00
-1.200601932724433052e+00,-3.429835305566362180e+00
-2.019336902393227717e+00,4.133939927274655091e+00
-4.752840922419199643e+00,6.493447856570313981e+00
-1.325392566965723162e+00,1.279357627180853330e+00
1.488556106406369040e+00,3.554151174121577217e+00
1.818180941850304488e-01,-1.718258874554118965e+00
-4.044653813190870473e+00,-3.190397484998932942e+00
4.465962402729983793e-01,2.088336329313035256e-01
-7.116659247976131475e-01,1.781966704081053621e+00
-3.101598568290413471e+00,9.292523156205004797e-01
-4.167183809561851859e-01,2.993034222010886314e-01
6.407796754717998589e+00,-3.247310539594890244e+00
-2.729681429818085481e-01,-2.755854444686651306e+00
5.696170955885284659e-01,-1.410538986265379435e+00
4.483860269953643396e+00,-1.425804060918270944e+00
1.194465099826239385e+00,1.777289882010230082e+00
-1.486284888886092448e+00,-4.268399096259883896e-01
-2.444392632939924592e-01,1.381027503232913123e+00
6.649750277576206292e-01,1.737971065537739168e+00
6.846657960869342308e-01,-1.967773137510836490e+00
-2.680838014987531714e+00,-5.741560649319561449e-01
-6.604749343744071410e+00,3.294309430791909854e+00
6.520013377842261981e+00,3.511815129591616902e+00
-2.958471765530509057e+00,-7.133390370581546236e+00
2.256107105589236994e+00,2.075042328087878807e-01
-3.353292090769222966e+00,-4.602842287913116337e+00
2.937784508122993188e+00,4.762667328832180580e+00
-6.457862067730421041e-01,-5.597262316509894475e-01
6.902261467284986018e+00,-6.647054646431574731e+00
2.538514183254700463e+00,1.814909877068591637e+00
-4.836733814427990552e+00,-2.507200721316604763e-01
-2.667983910342313081e+00,-2.870441408538759731e-02
4.897562116744786032e+00,1.312411348091744756e+00
4.289493008470277147e+00,5.502401254524103891e+00
2.933553521192656888e+00,-6.430591495543946934e-02
-1.088010527758528134e+00,5.873865637032877896e-01
-3.926488435889601281e+00,-2.887563260798219122e+00
3.355710804692193072e+00,-4.126496145916785707e+00
-8.894147172880084717e-02,-5.222077257784074611e+00
1.363226948347628920e-02,6.437578621506307996e-01
1.154250837823545872e+00,-3.266836633502483433e-01
4.347046894318430610e+00,-3.686035251197000040e+00
2.639877193139117395e+00,-5.547305605216176438e+00
-2.249655556799743827e+00,6.783933513478055399e-01
4.350916408969494498e+00,3.350436235110911820e+00
3.503073927365188744e+00,-6.609061706936707026e+00
-4.903453454367260100e+00,-7.045972710845747500e+00
-7.771816590322325524e+00,2.377263408594781779e+01
1.541287526832084431e+01,-4.379577195732871076e+00
-1.871247821382860366e+01,-5.285594368595400994e+00
1.055484618456776147e+01,2.406735646050290889e-01
-1.540848162113487163e+01,1.840641885149237567e+01
2.690327862357706046e+00,-1.870722395277282901e+00
1.796680121532333985e+01,4.662821099553975834e+00
-1.141285658725436392e+01,3.971992941676364408e-01
-1.402183863483866944e+01,-1.726670281410153152e+01
-8.487495983413371192e+00,-1.009960835143338187e+01
-6.757073565279170246e-01,2.394119691737626177e-01
2.914813358182428704e-01,9.737962767714870793e+00
-6.780696586470467579e+00,7.041382317594744755e+00
-5.688711658646692371e+00,8.283205489343850036e-01
8.636527082246063802e-01,-2.741586384053970704e+00
-1.986128448540003699e+00,-2.285794913371045567e+00
5.903520750904907466e+00,-3.110560705263074599e+00
5.176900551767213088e+00,-6.288631800351673906e-01
6.573179649412701053e+00,1.700402124058032705e+00
9.737991264240989153e+00,6.188355559540972273e-01
3.657626400048326953e+00,7.820330514434036928e+00
4.621132740982827891e-01,3.988796800681040811e+00
2.659240078150930664e+00,5.927073635268127916e+00
-2.943328661376054978e+00,2.576752262309535801e+00
-7.273295989671709760e-01,-1.157319105255803171e+00
5.069833664274297824e+00,1.312165284818189948e+00
-2.557739618480717958e+00,-6.179701391817297385e+00
-4.742178434541102661e+00,1.077961607799983179e-01
6.569770700708314592e+00,-2.725586597811903378e+00
-1.323314981667773615e+00,1.236750099806950498e+00
3.629012438970748988e+00,-4.821142621057630251e+00
5.941541287241075331e+00,-7.173027839457766675e+00
-2.151190935804391913e+00,2.742832470817829993e+00
-4.527874637209336584e+00,5.595996412611158988e+00
-5.928144670573924913e+00,3.619561175964026489e+00
3.522951899304302970e-01,4.201375524643612636e+00
-1.739913564324578665e+00,1.796857841040380155e+00
4.405914159641426409e-01,2.706240212700371295e+00
-2.618931629776049874e+00,2.786043387975620345e+00
-2.083870625723327485e+00,3.187854142706125327e+00
-5.577812516703182233e+00,-1.729537890171656267e-01
-2.984189752496394288e+00,-1.096893735000854520e-01
-1.940032162368232616e+00,7.993830272407120852e-01
8.667523226069430153e-01,-3.627312636680183999e+00
1.173615157235942341e+00,-4.057401390009628628e+00
3.120587649015271747e-01,-4.971258535685231017e+00
5.421887795092300344e+00,-1.282994163523529796e-01
3.223694223959225003e+00,-1.808044699642644915e+00
4.386063683282781511e-02,-1.109324422174853630e+01
-6.631118410716163591e-02,-2.291268635873342951e+00
6.930639016166109556e+00,1.609764825335293281e+01
2.311325521063552202e+01,-1.293006859263309849e+01
-4.591948942470675377e+01,-1.075074625413612495e+01
3.262180072952469345e+01,4.645512132616089218e+01
-1.555883531467731729e+01,9.150425744431105457e+00
2.840596911352221809e+01,-3.302811839760394008e+01
3.139682525719679163e+01,-9.706331910915487526e+00
-4.789079232290552213e+00,4.442274908547765300e+00
-1.990085071374529235e+01,3.975912151640978554e+00
-2.404463117138315198e+01,-4.574497801950736076e+00
-1.697208909676764321e+01,-6.867693656871380448e+00
-8.574360455019050420e+00,-8.410933461095805086e+00
-8.071474401286014455e+00,-1.052591486289935929e+01
-2.012667623390627547e+00,-8.581228167336146129e+00
-1.017041406893706368e+00,-4.080487319755322417e+00
1.686662623219752799e+00,1.625634177979206729e+00
2.986165643664578262e+00,-1.720167394947119677e+00
-2.303176366063048874e-01,1.384380836743717147e+00
-2.818098084170330253e+00,1.742043036836709913e+00
5.006509983768530070e-01,2.343883732832071409e+00
-2.708459590968778752e+00,5.181317779684457392e+00
-9.910522352974642235e-01,-8.384127551501092679e-01
-2.953436605979943508e+00,3.160997039717782897e+00
-1.889002930308659067e+00,1.316895340594565811e+00
-1.973659499113800342e+00,-4.606077970360324958e-01
-3.192949947622743423e+00,-1.427706454457081442e+00
-2.952807560537515474e+00,2.560639567774685155e-01
-3.253180604229361172e+00,-6.334119348725030463e+00
-3.443207059146544236e+00,2.092473152595310193e+00
-1.485036149969363173e-01,-3.153683508868987850e+00
6.029511899888778004e+00,-2.416953712695087964e-01
2.280964572867416607e-02,1.972450970667776193e-01
-3.340720325196747886e+00,7.907622286098094921e-01
-4.143509975122638522e+00,2.335134485663183934e+00
-3.695817810283698712e+00,-1.459823099637951316e+00
-1.212352732251254395e+00,-8.889987885768166898e-01
-4.932308004379891031e+00,-3.190598223647179488e+00
-6.028786059563457922e-01,-2.031002688261776878e+00
-3.097946899917129571e+00,-5.645474782704940964e+00
-1.909278685336939008e+00,-5.422783675824301319e+00
-3.880629486870876832e+00,-3.905593225028706428e+00
-1.103828507050060859e+00,-2.118156443382144705e+00
-3.614833794592598792e+00,-5.417851355705059824e+00
-7.807469654435439388e-02,-6.089271835935316624e+00
-9.533112558088281396e-01,-5.235627188965599643e+00
8.475178611990059618e-01,-8.261630575162554280e+00
4.096239141097105296e+00,-8.422416135889964295e+00
2.121446419848251885e+00,-5.219471497328424192e+00
4.156180743193685245e+00,-7.184795310330166274e+00
3.771807810261309513e+00,-5.979704892335749200e+00
5.211508492846867568e+00,-3.657232337742012618e+00
5.644593424851896302e+00,-3.268389768772212989e+00
3.381403319257850537e+00,-7.970405038587401236e+00
