8.566949153899999203e+01,-0.000000000000000000e+00
-1.080933573562859173e+01,2.480378946289303599e+01
-1.027845916057918174e+01,9.641703949261579254e+00
-1.064472835028678510e+01,3.101142064727156811e+00
-9.389138642819428782e+00,1.532768574033820386e-01
-7.918990983221815050e+00,-8.731129237431761725e-01
-6.414482837225388145e+00,-3.118651959123591055e+00
-5.308524626147732128e+00,-5.350421128579299079e+00
-4.648110829327036342e+00,-5.244054791673357308e+00
-3.107353322507470317e+00,-5.579213691068461323e+00
-2.516302747081424762e+00,-4.364185907706649381e+00
-8.281768851125745901e-01,-4.159650850587700788e+00
2.050687005363123205e-01,-4.707786145578486625e+00
3.068185779942621760e+00,-4.675440582965563863e+00
3.308232273663220813e+00,-3.716629714895667291e+00
3.542011588317978354e+00,-5.851975362625552179e+00
2.497351495905490548e+00,-3.407368275767279631e+00
5.028487709038817144e+00,-1.432105365221326920e+00
7.018250949642778735e+00,-1.627500171415345864e+00
8.263814793073560594e+00,-1.045214320721816748e-01
7.309280975240848299e+00,1.562716884371311288e+00
1.040682976807577731e+01,1.176407006560302015e+01
1.350147000075055104e+01,1.663432354595344975e+01
7.938879881367959079e+00,2.757240875202950292e+01
-9.207164800948065775e+00,9.049694989608525475e+00
2.067923128476360262e+01,-3.884511464264726044e+01
-2.464944811650903134e+01,5.106540860751422883e+00
-1.554775609254599011e+00,5.570480383442519390e+00
-2.041282311708385144e+00,-3.969616131933601189e+00
-4.695887837757029004e+00,-2.820133666898572145e+00
-7.171561226179647974e+00,9.061265170556207504e-01
-1.568087277170660432e+00,-1.664830154742756196e+00
-5.676050008923998469e-01,-5.397122570146975384e+00
-1.059848468332610594e+00,-3.635119333256399354e+00
4.022056845973587258e-02,-3.173563958904391136e+00
5.156720086520314439e+00,-3.141123615666893354e+00
1.779660006523252402e+00,-1.227177161881944478e+00
1.988870261427454267e+00,-1.472755919638294220e+00
4.134834204433901483e+00,-2.775684489491839990e+00
6.746259853541326512e-01,-3.435749330297661164e+00
1.851528092864860087e+00,1.210047483729072226e+00
3.997016581651068989e+00,-4.679848833946698150e-02
5.151886508829437439e-01,7.690879262073151423e-01
3.787169498640329035e+00,-7.687453617702317832e-01
3.033541405371740218e+00,-9.494413420651510727e-01
3.457764856047790492e+00,-4.077959594007691813e-01
-7.243678827647839213e-01,2.165766728534337826e+00
-6.635164738129251560e+00,-4.730153712838047753e-01
-7.102307392410984299e+00,-8.312618914031741468e+00
3.700084296297609043e+00,-2.519063201411744668e+00
-7.445195045315394111e+00,5.061056252684785761e+00
1.022426237861533949e+01,-6.060234817975342914e+00
-4.015877615597707617e+00,-5.745968624847980877e+00
4.087033773932393643e-01,9.837821434327236325e-01
1.294932514023326320e+00,4.550307987581558855e-01
2.490735062697596813e+00,-1.082839474992995932e+00
6.005404482301203162e-01,9.078323880431660164e-01
2.641577344662764837e+00,3.336926192277815062e+00
1.738977385530966480e+00,2.831026981533276032e+00
1.575100102236316690e+00,8.576034883544456644e-01
-7.290196838209361818e-01,3.568040045068698873e+00
-1.523102524055182538e+00,4.881962999165303074e+00
-5.613052474513997581e+00,-1.566431974161392127e+00
-6.131474887736989565e+00,-3.158461501340300348e+00
-3.944644577870470403e+00,-2.030465496358973443e+00
1.147765359270013441e+00,-5.423352403495821150e+00
-7.317853468438846321e-01,-2.725375207875219363e+00
4.269264136072489002e+00,-1.127564317452690368e+00
8.853774494982632470e-01,-8.552423109741282836e-01
-1.974404255795938035e+00,1.911703249616194533e+00
-5.859892429286588822e+00,5.594525127539089482e+00
-3.432665994499807027e+00,2.195122994724139964e+00
5.084669259866164026e+00,7.801734200796683893e-01
9.777804202883213947e+00,2.603970703467232362e+00
-1.398986345776255469e+00,5.330773580226866315e+00
3.453925979320538797e+00,-4.964042492003161833e+00
-5.858955484793076707e+00,-2.493365111702541270e-01
3.995779819754748718e+00,8.636699957765511471e+00
5.250266126295905167e+00,-3.114116238663343417e+00
1.705285751017660001e+00,-4.227856371574608474e+00
-2.431407014691002733e+00,2.304802753944444227e+00
4.279555718614031612e+00,-1.044159479118819345e+00
3.276410966192052854e+00,-1.134783017677099437e+00
1.244095401890629393e+00,-3.369954164524631590e+00
8.607299156676502250e-01,2.009966872079653299e+00
1.111029701900427380e+00,-3.342179847476947963e+00
1.136935887467080519e+00,-1.365638067685738477e+00
-2.007520603332944020e+00,1.159577350490103909e+00
1.480785620702967931e-01,3.439435640350450019e+00
-6.874193672615067641e-01,4.364360351900288926e+00
-8.380672803245481362e-02,4.270266272774019711e+00
-2.737203993183179307e+00,-1.629949252577966412e+00
-4.846069235496097249e+00,-2.283693418382134688e+00
-7.701971154940845388e-01,-1.215257770441335872e+00
3.307297258598620893e+00,-7.077461460440925833e-02
5.066728328412940741e+00,4.761076421860082064e+00
-3.583459452070037798e+00,-2.474532059684991125e+00
-2.884441396841792127e+00,-8.267830579079497255e+00
4.449405221361630858e+00,-5.112822778731064277e-01
-1.556862679431958441e-01,1.976653813645614433e+00
-2.239500592164454851e+00,-6.734003626182261115e+00
2.121307726549732209e+00,2.645528069079059463e-01
1.674110701638600318e-01,-1.170934602860477369e+01
-6.320406608131014181e+00,6.662969565145065332e+00
-1.926256557061476471e+00,-2.187946193213789137e+00
-4.406436926250856700e+00,1.590260806395429771e+00
-5.814332234235887853e+00,-3.891060854178097550e+00
-2.464420407743978636e+00,-3.233955948498281607e-01
-3.617131474739903041e-01,2.867636828006243643e-01
6.964626411738036538e+00,-6.178608986317439822e-01
-1.551382721073184090e+00,-2.428754557364420918e-01
-1.103060284977881222e+00,7.306881252765602408e-01
-1.243749505734617067e+00,-9.975953626180134037e-02
-6.877319066118290358e-01,5.778595696614687860e+00
-7.091369948007675283e+00,6.956048019405582039e+00
3.245357509470696122e+00,-2.783695208326545156e+00
6.515799967347018828e+00,-4.082536317964056138e+00
8.707261739304296810e+00,5.943199900583484574e-01
5.994120240471191075e+00,-7.813454759410637607e+00
-4.585717996648346784e+00,-1.930709444721031787e+00
-1.026508899640209194e+01,-6.394937521602402697e+00
-2.472996060648928296e+00,3.847810361146903002e+00
1.661014668590754528e+00,1.473499016508334236e+01
-4.049805565492894388e-01,-2.180941062647712592e+00
7.858253171322694186e+00,-1.916591915549775926e+00
-1.070681168540712846e+01,9.738096987333372923e+00
1.423555992173164197e+00,-5.055801497070111949e+00
-9.207419792305847395e+00,1.283349120335924098e+01
1.695271459091475208e+01,-9.719754262307931825e+00
-1.360604334692092721e+01,-8.674183880680086389e+00
-4.197117603826756138e+00,5.530661728775722707e+00
6.509341758834725766e+00,5.609351419370487424e-01
5.844608767725205656e-01,-5.830745190740946882e+00
-1.817185125734136930e+00,2.124006454734267635e+00
6.291894623097511463e+00,4.720245543420643841e+00
1.624869312544758415e+00,-3.200663978363547102e+00
-4.460343059195830406e+00,2.438868483580951096e+00
-3.414464854946496430e+00,8.241071719968978471e+00
5.455823341133654303e-01,2.654243748493886557e+00
3.447534298350364956e+00,-6.184077047442993802e+00
-3.112479683128900554e+00,-1.922413319398199150e+00
-5.630083132263485446e+00,8.006732233833623313e-01
-6.598102098036521923e+00,3.393773882428873456e+00
-7.241863358020241392e+00,-2.907381440022683172e+00
3.518286814827157105e+00,1.512876051287162849e+00
4.217790610434697385e+00,4.730691913400134396e+00
-1.203124515389306204e+00,4.630277321699756143e-01
3.324975107747127900e+00,-4.625979064407772512e-01
-3.386868796649584290e+00,-1.270268773038941701e+00
-2.612636445423347276e+00,-8.222368003878358422e+00
5.110766529536971525e+00,-2.024323640962027770e+00
1.595664238404086666e+00,-2.937578056893995537e+00
9.795435439185833815e+00,-6.375330650607692995e+00
-2.314128843175937256e+00,-7.843127598181517612e+00
7.937182820687706197e+00,8.970705852147542458e+00
8.057166707645290415e+00,1.476284961267687379e+00
4.044905667670712468e+00,2.129544353936737799e+00
9.797199600611099513e-01,9.319902112421178941e+00
2.557519882544741385e+00,9.750446998187360492e+00
-7.904709470504171165e+00,-3.627334506479106047e+00
-1.487427156981599552e+01,-2.209545907426807343e+00
-6.787122319896010669e-01,-3.485170555322371744e+00
3.695409165277059760e+00,-5.399390890001027010e+00
-2.290396962155572425e+00,4.525837893795149114e+00
-4.929487857461325895e+00,1.126360842947779162e+01
1.699161928119794052e+00,-1.673736745446098517e+00
-7.404979407776177691e-01,-1.084959800785227202e+01
5.702961453361311328e+00,-7.960302943527004516e+00
7.965314220851487548e+00,-3.399864992102489936e+00
-8.356538521627815186e+00,4.087330356330753922e+00
5.259892081942631137e+00,-2.591384560134192050e+00
4.199413102289787147e+00,8.897397613215723311e+00
1.880528578321473354e+00,1.170934266081291852e+01
9.825379499049362586e-01,-1.032697993909210510e+01
-1.765736413933091997e+00,9.378067218625318446e+00
-5.061317623774638008e+00,3.956076703872444700e+00
5.397206122967753927e+00,-7.735247041835091597e-01
-6.866696745248304090e+00,-1.830019583117084458e+00
6.453099368230814648e+00,-4.173319722217033956e+00
-7.574271196995480793e+00,-6.023620925432731532e+00
6.670626139207811001e+00,7.918335023954825580e+00
5.308334604216282671e+00,-5.006537008774411213e+00
-3.065318926777028885e+00,-2.748072884913203673e+00
7.831219747792342867e-01,-7.015029368812673027e-01
3.163764404241933281e+00,-2.037346670037524454e+00
-6.280092494380131285e+00,-5.864991471963444170e+00
-6.019905980550517732e+00,2.341011086033053079e+00
5.961510368014808492e+00,-9.557314767425575397e-01
2.616485838550899334e-01,-2.203843090511874436e+00
-8.613113921423927621e+00,-4.576465946973519827e+00
-3.223376424331255485e+00,-1.636947642748838305e+00
5.138985645355404586e+00,4.490930950854522763e+00
1.705733915457227745e+00,1.050835117021506093e+01
-4.020894596095884843e+00,8.038929988658022552e+00
-4.006893186712089161e+00,9.228223152647561989e+00
-6.584542490762608224e+00,4.520002489362768827e-01
-4.483779544701135045e+00,-2.406103469827375996e+00
5.799023497469399935e-01,-5.033032563793442549e+00
-6.616516172144828900e+00,-4.702385618659578270e+00
-7.185788720843935273e-01,-6.009456894148543782e+00
3.196505437686686379e-01,-2.586274706920275612e+00
5.445927745263569264e+00,-6.109577069888642242e+00
-6.961735021811294999e-01,-1.185564827854642367e+01
4.372569615326349357e+00,2.530473867510447228e+00
9.991962602045212805e+00,2.357418481547159050e+00
5.305377449058281236e+00,-3.465972986833081748e+00
-6.644859684367878216e+00,-1.017932973275963660e+00
6.657710357455985495e+00,-7.734594405254743954e+00
7.739015778495501152e+00,-8.162991333292735519e+00
-4.834152940519246044e+00,2.264154875136091150e+00
4.380649868592566776e+00,1.473705170296527811e+01
8.558810391081944857e+00,1.149691743100057195e+01
-8.144182596152916176e+00,2.384093121427396600e+00
8.981687541080849435e-01,7.906639831038400068e-01
6.768262383762911227e+00,-7.190599529314891214e+00
-4.632895418690497813e+00,-1.166239019046185810e+01
-1.643501984557241258e+01,3.378661840966170615e+00
-6.042982251085163625e+00,3.297905040996460979e+00
8.261400148559827628e+00,-1.276731430686763424e+00
-3.436935588948693443e+00,1.174984644148717194e+01
-5.420763619044532966e-02,-1.306369643108991063e+00
-2.016212116750306649e-01,-4.118315593241694827e+00
-4.773128004056627738e+00,1.467618717891744318e+01
-3.107953706001123528e+00,1.453195044391882185e+00
5.984425440958299092e+00,6.334308772676596533e+00
4.880543275201878473e-01,-2.818816815556496991e+00
-2.537956513725581509e+00,-8.887720539670143083e+00
-6.203666579565181749e+00,1.119683500652410402e+01
9.706073581561263097e+00,-9.086033636251134027e+00
-5.740333971444806949e+00,3.923316556016764434e+00
9.574007291289195365e+00,-1.981681661877721545e+00
-8.021098527247726651e+00,-1.880690800500927296e+00
-4.069439521729668385e+00,2.178875683444945643e+00
4.907176798330191048e+00,-1.222990849919821876e+01
-2.665297604917066465e+00,-8.624095811017246760e+00
-4.969049545905956933e+00,2.233213250401218097e+00
2.876330906853818092e+00,-1.763301684449374962e+00
6.577399519282764118e+00,-1.674888046266173447e+01
-1.792638366455618693e+00,2.215265377251679269e+00
1.836060210913321278e+00,1.005468388762292520e+01
8.446971217738052928e+00,4.807782179109877596e+00
7.146453744236376249e-01,6.298452439153146010e-01
4.751897435518128709e-01,2.583358536848730846e+00
4.008668427500005293e+00,6.892086597768751766e+00
5.077389235260264755e+00,4.470546258943093321e+00
-2.977628428498827695e+00,-2.466114414150607725e+00
-5.745366949801482548e-01,4.438625791006701071e+00
-2.956592440951221867e+00,5.820772088663117572e-01
-4.868349465032769885e+00,1.360576524152760536e+00
1.477096395754307068e-02,4.312471822500242524e+00
-2.667193273551682342e-01,7.948074559461264510e-01
-4.104661940436393763e-01,3.682269390279464538e+00
-9.125287629763016994e+00,-8.747801364387511214e+00
1.456457663761860477e+00,1.062604136170684477e+01
3.456985448063269573e+00,-1.263299851171264265e+01
-9.026195124725600039e-02,-2.976898089916479861e+00
-4.330823424602161076e+00,-1.012089075245560466e+00
-5.299334753716284929e-01,1.544502139726663170e+00
-2.066736109658469100e+00,6.579933731159883337e+00
-6.372039718925792684e+00,6.366683772289810861e+00
6.013660773009543270e+00,-4.581962054338273305e+00
8.806641603748264657e+00,-3.799599341084151760e+00
-4.975724266295959985e-01,-6.634754900311983228e-01
-1.139171461464417723e+00,-1.174489355632715260e+01
-3.997470391382669685e+00,-1.126505470338868342e+01
-4.078563045401556231e+00,-1.521743938617531544e+00
1.626439090781446106e+00,9.869305388452282557e+00
2.361931968259671777e+00,-3.904854079382597654e+00
3.901357332734498584e+00,-7.511325337822339243e+00
-4.908600601603158253e+00,9.506123459740496884e+00
-6.317557515559117931e-01,2.089931379428601410e+00
-1.016862309830578903e+00,-4.235399118315005040e+00
1.353366922982916165e+00,9.947195566114746867e+00
5.235070534614632010e+00,-4.908424270073998841e+00
4.257690907963889160e-01,-2.164066434176230569e+00
-3.560344143761677849e+00,1.210543898041827049e-01
3.259511439035760461e+00,1.017987194962530140e+01
-5.050345283233248495e-01,1.244891593703240673e+01
5.936099827732254752e+00,-1.685816942020595288e+00
-1.173616030216637185e+01,5.677862753994060263e+00
1.006604702585541311e+01,-2.088059709659766838e+00
-6.895284117339312679e+00,-1.210490340395316222e+00
-5.674968104374648270e+00,-7.826176655487814271e-01
-4.313089496973524284e+00,-1.027780888958113792e+01
-3.557224548812700782e-01,-2.653467329832484012e-01
4.255568818171767020e+00,1.868729744429435957e+00
2.559507308252005897e-01,-5.409554588855251644e+00
-4.701787612293829355e+00,-3.187409188337332111e+00
-6.900151700974208602e-01,2.096977398991563657e+00
4.225847999605385041e+00,-5.116990208418544128e+00
-5.835750984968852695e-01,-3.003020511731670616e+00
-2.749127517028053802e+00,1.990607319877257808e+00
3.064542235493128430e+00,4.097504380945204971e+00
4.369456426393882431e+00,-1.986981773096734294e-01
1.309779843863994486e+00,-2.370755476368773706e+00
-5.869094628257775170e+00,-2.837476637658293832e-01
6.210571434493066256e+00,4.314508432111157532e+00
4.432129854741617692e-02,-1.528241453810665229e+00
-3.733170747735903738e+00,-8.366103065073374756e-01
-2.241817647814623893e+00,-2.939376701388000779e+00
4.802815382912327458e+00,-1.127396974910723326e+00
1.429482357454320951e+00,2.280249707149573091e-01
9.231747459500523334e+00,1.373243495989171059e+00
1.019558091817119871e+00,1.309217778566596202e+01
2.088660845824555246e+00,-6.704245644822766970e+00
-8.264199371541549155e+00,3.965231874750164032e+00
-5.869495519335841571e+00,-7.046966345047414038e-01
-2.731221995150995951e+00,-1.868961550164613072e+00
-4.237639784906310325e+00,1.358285542443354998e+01
-3.322571121364345181e+00,5.547208364848048134e+00
5.367100270183783550e+00,5.202539363912646042e-01
7.114738783721268334e+00,-3.358135611110534935e+00
-2.696795031984369651e+00,-1.013523843906764199e+00
-6.665908591809587946e+00,-5.413771892099934036e+00
-3.187581051756922967e+00,-2.509138568445888673e+00
6.289989190286982890e+00,2.283552910228440869e+00
2.661219797580135715e+00,2.845611009758727050e+00
-7.213008854367810585e+00,-1.315644381370583460e+01
-2.630123190169350256e+00,-7.402518067530142076e+00
-4.719525221010723470e+00,5.281378289691625483e+00
2.181516277143534133e+00,-5.163191694984445412e+00
8.024050581631257728e+00,-7.292495716768576663e+00
7.176667960514230948e+00,2.636084426478229936e+00
2.636324678187237147e+00,-4.001619059481928531e+00
-6.888007961891089437e+00,3.122733769700370310e+00
4.291063393143769389e+00,3.615685612904191881e+00
5.726271747968127102e+00,9.248735198086887266e+00
-2.275380288886317715e+00,1.314219424031130456e+00
2.472674217211465297e+00,6.388192398921443527e+00
-1.254092767873377667e+01,2.800020246058332773e+00
1.429084646279071791e+01,1.723070005371230229e+00
-5.703345469066813500e+00,-5.094582851184775940e+00
-1.469294744523468754e+00,6.492713061302412214e+00
-1.559388504071048676e-01,-4.780943908090138805e+00
-8.673847062586519385e-01,4.507286881156482572e+00
1.290651085417805932e+00,-3.362158582569399812e+00
-2.404695145876621254e+00,-6.247990482997943573e+00
-4.271755832433664857e+00,3.345094910684419887e+00
6.883944300179122955e+00,2.526069760208144110e+00
1.541424075714023623e+00,-5.914852405088960374e+00
-5.918100234091466127e+00,3.283608721093365990e+00
9.914792516958905733e-01,4.462030520128326572e+00
4.292373914799399337e+00,-2.693165433086772698e+00
-1.890069467117081015e+00,-4.024499289014818793e+00
-3.625167950108270087e+00,-7.727545593537363811e-01
-2.943681370060049041e+00,-1.888672940835015801e+00
5.146759494910564392e+00,1.201062707428918408e+00
-1.386067110915096379e+00,-1.093450555650360911e+01
-4.347235276492884992e+00,3.006594319306234553e+00
4.779655357147181149e+00,-1.166945970731543269e-01
-1.856956383092705831e+00,6.210170117838275772e+00
2.311832231165340090e+00,-6.858176889211600624e+00
5.424752911154143042e+00,-1.422540662997048511e+00
-1.301787000400433714e+00,-1.925150025867586656e+00
4.321638267802625499e+00,-7.310174211755397167e+00
-9.535204624450919653e+00,1.875321778573327380e+00
5.993628228480516462e-01,8.183489582718048716e-01
3.143400645534892845e+00,1.275545847667182375e+00
1.438534460475753285e+00,1.196211990879957732e+01
1.684083368441555262e+00,4.238718964626463581e+00
2.226601894534679715e+00,-2.230158469671659205e+00
6.617334037301841221e+00,-1.127909017283277748e+00
-6.829844125286797407e+00,6.429201064699587853e+00
-9.172468223769040918e+00,5.775765197500255965e+00
1.208554550261635274e+00,4.305119296916138261e+00
1.208554550261635274e+00,-4.305119296916138261e+00
-9.172468223769040918e+00,-5.775765197500255965e+00
-6.829844125286797407e+00,-6.429201064699587853e+00
6.617334037301841221e+00,1.127909017283277748e+00
2.226601894534679715e+00,2.230158469671659205e+00
1.684083368441555262e+00,-4.238718964626463581e+00
1.438534460475753285e+00,-1.196211990879957732e+01
3.143400645534892845e+00,-1.275545847667182375e+00
5.993628228480516462e-01,-8.183489582718048716e-01
-9.535204624450919653e+00,-1.875321778573327380e+00
4.321638267802625499e+00,7.310174211755397167e+00
-1.301787000400433714e+00,1.925150025867586656e+00
5.424752911154143042e+00,1.422540662997048511e+00
2.311832231165340090e+00,6.858176889211600624e+00
-1.856956383092705831e+00,-6.210170117838275772e+00
4.779655357147181149e+00,1.166945970731543269e-01
-4.347235276492884992e+00,-3.006594319306234553e+00
-1.386067110915096379e+00,1.093450555650360911e+01
5.146759494910564392e+00,-1.201062707428918408e+00
-2.943681370060049041e+00,1.888672940835015801e+00
-3.625167950108270087e+00,7.727545593537363811e-01
-1.890069467117081015e+00,4.024499289014818793e+00
4.292373914799399337e+00,2.693165433086772698e+00
9.914792516958905733e-01,-4.462030520128326572e+00
-5.918100234091466127e+00,-3.283608721093365990e+00
1.541424075714023623e+00,5.914852405088960374e+00
6.883944300179122955e+00,-2.526069760208144110e+00
-4.271755832433664857e+00,-3.345094910684419887e+00
-2.404695145876621254e+00,6.247990482997943573e+00
1.290651085417805932e+00,3.362158582569399812e+00
-8.673847062586519385e-01,-4.507286881156482572e+00
-1.559388504071048676e-01,4.780943908090138805e+00
-1.469294744523468754e+00,-6.492713061302412214e+00
-5.703345469066813500e+00,5.094582851184775940e+00
1.429084646279071791e+01,-1.723070005371230229e+00
-1.254092767873377667e+01,-2.800020246058332773e+00
2.472674217211465297e+00,-6.388192398921443527e+00
-2.275380288886317715e+00,-1.314219424031130456e+00
5.726271747968127102e+00,-9.248735198086887266e+00
4.291063393143769389e+00,-3.615685612904191881e+00
-6.888007961891089437e+00,-3.122733769700370310e+00
2.636324678187237147e+00,4.001619059481928531e+00
7.176667960514230948e+00,-2.636084426478229936e+00
8.024050581631257728e+00,7.292495716768576663e+00
2.181516277143534133e+00,5.163191694984445412e+00
-4.719525221010723470e+00,-5.281378289691625483e+00
-2.630123190169350256e+00,7.402518067530142076e+00
-7.213008854367810585e+00,1.315644381370583460e+01
2.661219797580135715e+00,-2.845611009758727050e+00
6.289989190286982890e+00,-2.283552910228440869e+00
-3.187581051756922967e+00,2.509138568445888673e+00
-6.665908591809587946e+00,5.413771892099934036e+00
-2.696795031984369651e+00,1.013523843906764199e+00
7.114738783721268334e+00,3.358135611110534935e+00
5.367100270183783550e+00,-5.202539363912646042e-01
-3.322571121364345181e+00,-5.547208364848048134e+00
-4.237639784906310325e+00,-1.358285542443354998e+01
-2.731221995150995951e+00,1.868961550164613072e+00
-5.869495519335841571e+00,7.046966345047414038e-01
-8.264199371541549155e+00,-3.965231874750164032e+00
2.088660845824555246e+00,6.704245644822766970e+00
1.019558091817119871e+00,-1.309217778566596202e+01
9.231747459500523334e+00,-1.373243495989171059e+00
1.429482357454320951e+00,-2.280249707149573091e-01
4.802815382912327458e+00,1.127396974910723326e+00
-2.241817647814623893e+00,2.939376701388000779e+00
-3.733170747735903738e+00,8.366103065073374756e-01
4.432129854741617692e-02,1.528241453810665229e+00
6.210571434493066256e+00,-4.314508432111157532e+00
-5.869094628257775170e+00,2.837476637658293832e-01
1.309779843863994486e+00,2.370755476368773706e+00
4.369456426393882431e+00,1.986981773096734294e-01
3.064542235493128430e+00,-4.097504380945204971e+00
-2.749127517028053802e+00,-1.990607319877257808e+00
-5.835750984968852695e-01,3.003020511731670616e+00
4.225847999605385041e+00,5.116990208418544128e+00
-6.900151700974208602e-01,-2.096977398991563657e+00
-4.701787612293829355e+00,3.187409188337332111e+00
2.559507308252005897e-01,5.409554588855251644e+00
4.255568818171767020e+00,-1.868729744429435957e+00
-3.557224548812700782e-01,2.653467329832484012e-01
-4.313089496973524284e+00,1.027780888958113792e+01
-5.674968104374648270e+00,7.826176655487814271e-01
-6.895284117339312679e+00,1.210490340395316222e+00
1.006604702585541311e+01,2.088059709659766838e+00
-1.173616030216637185e+01,-5.677862753994060263e+00
5.936099827732254752e+00,1.685816942020595288e+00
-5.050345283233248495e-01,-1.244891593703240673e+01
3.259511439035760461e+00,-1.017987194962530140e+01
-3.560344143761677849e+00,-1.210543898041827049e-01
4.257690907963889160e-01,2.164066434176230569e+00
5.235070534614632010e+00,4.908424270073998841e+00
1.353366922982916165e+00,-9.947195566114746867e+00
-1.016862309830578903e+00,4.235399118315005040e+00
-6.317557515559117931e-01,-2.089931379428601410e+00
-4.908600601603158253e+00,-9.506123459740496884e+00
3.901357332734498584e+00,7.511325337822339243e+00
2.361931968259671777e+00,3.904854079382597654e+00
1.626439090781446106e+00,-9.869305388452282557e+00
-4.078563045401556231e+00,1.521743938617531544e+00
-3.997470391382669685e+00,1.126505470338868342e+01
-1.139171461464417723e+00,1.174489355632715260e+01
-4.975724266295959985e-01,6.634754900311983228e-01
8.806641603748264657e+00,3.799599341084151760e+00
6.013660773009543270e+00,4.581962054338273305e+00
-6.372039718925792684e+00,-6.366683772289810861e+00
-2.066736109658469100e+00,-6.579933731159883337e+00
-5.299334753716284929e-01,-1.544502139726663170e+00
-4.330823424602161076e+00,1.012089075245560466e+00
-9.026195124725600039e-02,2.976898089916479861e+00
3.456985448063269573e+00,1.263299851171264265e+01
1.456457663761860477e+00,-1.062604136170684477e+01
-9.125287629763016994e+00,8.747801364387511214e+00
-4.104661940436393763e-01,-3.682269390279464538e+00
-2.667193273551682342e-01,-7.948074559461264510e-01
1.477096395754307068e-02,-4.312471822500242524e+00
-4.868349465032769885e+00,-1.360576524152760536e+00
-2.956592440951221867e+00,-5.820772088663117572e-01
-5.745366949801482548e-01,-4.438625791006701071e+00
-2.977628428498827695e+00,2.466114414150607725e+00
5.077389235260264755e+00,-4.470546258943093321e+00
4.008668427500005293e+00,-6.892086597768751766e+00
4.751897435518128709e-01,-2.583358536848730846e+00
7.146453744236376249e-01,-6.298452439153146010e-01
8.446971217738052928e+00,-4.807782179109877596e+00
1.836060210913321278e+00,-1.005468388762292520e+01
-1.792638366455618693e+00,-2.215265377251679269e+00
6.577399519282764118e+00,1.674888046266173447e+01
2.876330906853818092e+00,1.763301684449374962e+00
-4.969049545905956933e+00,-2.233213250401218097e+00
-2.665297604917066465e+00,8.624095811017246760e+00
4.907176798330191048e+00,1.222990849919821876e+01
-4.069439521729668385e+00,-2.178875683444945643e+00
-8.021098527247726651e+00,1.880690800500927296e+00
9.574007291289195365e+00,1.981681661877721545e+00
-5.740333971444806949e+00,-3.923316556016764434e+00
9.706073581561263097e+00,9.086033636251134027e+00
-6.203666579565181749e+00,-1.119683500652410402e+01
-2.537956513725581509e+00,8.887720539670143083e+00
4.880543275201878473e-01,2.818816815556496991e+00
5.984425440958299092e+00,-6.334308772676596533e+00
-3.107953706001123528e+00,-1.453195044391882185e+00
-4.773128004056627738e+00,-1.467618717891744318e+01
-2.016212116750306649e-01,4.118315593241694827e+00
-5.420763619044532966e-02,1.306369643108991063e+00
-3.436935588948693443e+00,-1.174984644148717194e+01
8.261400148559827628e+00,1.276731430686763424e+00
-6.042982251085163625e+00,-3.297905040996460979e+00
-1.643501984557241258e+01,-3.378661840966170615e+00
-4.632895418690497813e+00,1.166239019046185810e+01
6.768262383762911227e+00,7.190599529314891214e+00
8.981687541080849435e-01,-7.906639831038400068e-01
-8.144182596152916176e+00,-2.384093121427396600e+00
8.558810391081944857e+00,-1.149691743100057195e+01
4.380649868592566776e+00,-1.473705170296527811e+01
-4.834152940519246044e+00,-2.264154875136091150e+00
7.739015778495501152e+00,8.162991333292735519e+00
6.657710357455985495e+00,7.734594405254743954e+00
-6.644859684367878216e+00,1.017932973275963660e+00
5.305377449058281236e+00,3.465972986833081748e+00
9.991962602045212805e+00,-2.357418481547159050e+00
4.372569615326349357e+00,-2.530473867510447228e+00
-6.961735021811294999e-01,1.185564827854642367e+01
5.445927745263569264e+00,6.109577069888642242e+00
3.196505437686686379e-01,2.586274706920275612e+00
-7.185788720843935273e-01,6.009456894148543782e+00
-6.616516172144828900e+00,4.702385618659578270e+00
5.799023497469399935e-01,5.033032563793442549e+00
-4.483779544701135045e+00,2.406103469827375996e+00
-6.584542490762608224e+00,-4.520002489362768827e-01
-4.006893186712089161e+00,-9.228223152647561989e+00
-4.020894596095884843e+00,-8.038929988658022552e+00
1.705733915457227745e+00,-1.050835117021506093e+01
5.138985645355404586e+00,-4.490930950854522763e+00
-3.223376424331255485e+00,1.636947642748838305e+00
-8.613113921423927621e+00,4.576465946973519827e+00
2.616485838550899334e-01,2.203843090511874436e+00
5.961510368014808492e+00,9.557314767425575397e-01
-6.019905980550517732e+00,-2.341011086033053079e+00
-6.280092494380131285e+00,5.864991471963444170e+00
3.163764404241933281e+00,2.037346670037524454e+00
7.831219747792342867e-01,7.015029368812673027e-01
-3.065318926777028885e+00,2.748072884913203673e+00
5.308334604216282671e+00,5.006537008774411213e+00
6.670626139207811001e+00,-7.918335023954825580e+00
-7.574271196995480793e+00,6.023620925432731532e+00
6.453099368230814648e+00,4.173319722217033956e+00
-6.866696745248304090e+00,1.830019583117084458e+00
5.397206122967753927e+00,7.735247041835091597e-01
-5.061317623774638008e+00,-3.956076703872444700e+00
-1.765736413933091997e+00,-9.378067218625318446e+00
9.825379499049362586e-01,1.032697993909210510e+01
1.880528578321473354e+00,-1.170934266081291852e+01
4.199413102289787147e+00,-8.897397613215723311e+00
5.259892081942631137e+00,2.591384560134192050e+00
-8.356538521627815186e+00,-4.087330356330753922e+00
7.965314220851487548e+00,3.399864992102489936e+00
5.702961453361311328e+00,7.960302943527004516e+00
-7.404979407776177691e-01,1.084959800785227202e+01
1.699161928119794052e+00,1.673736745446098517e+00
-4.929487857461325895e+00,-1.126360842947779162e+01
-2.290396962155572425e+00,-4.525837893795149114e+00
3.695409165277059760e+00,5.399390890001027010e+00
-6.787122319896010669e-01,3.485170555322371744e+00
-1.487427156981599552e+01,2.209545907426807343e+00
-7.904709470504171165e+00,3.627334506479106047e+00
2.557519882544741385e+00,-9.750446998187360492e+00
9.797199600611099513e-01,-9.319902112421178941e+00
4.044905667670712468e+00,-2.129544353936737799e+00
8.057166707645290415e+00,-1.476284961267687379e+00
7.937182820687706197e+00,-8.970705852147542458e+00
-2.314128843175937256e+00,7.843127598181517612e+00
9.795435439185833815e+00,6.375330650607692995e+00
1.595664238404086666e+00,2.937578056893995537e+00
5.110766529536971525e+00,2.024323640962027770e+00
-2.612636445423347276e+00,8.222368003878358422e+00
-3.386868796649584290e+00,1.270268773038941701e+00
3.324975107747127900e+00,4.625979064407772512e-01
-1.203124515389306204e+00,-4.630277321699756143e-01
4.217790610434697385e+00,-4.730691913400134396e+00
3.518286814827157105e+00,-1.512876051287162849e+00
-7.241863358020241392e+00,2.907381440022683172e+00
-6.598102098036521923e+00,-3.393773882428873456e+00
-5.630083132263485446e+00,-8.006732233833623313e-01
-3.112479683128900554e+00,1.922413319398199150e+00
3.447534298350364956e+00,6.184077047442993802e+00
5.455823341133654303e-01,-2.654243748493886557e+00
-3.414464854946496430e+00,-8.241071719968978471e+00
-4.460343059195830406e+00,-2.438868483580951096e+00
1.624869312544758415e+00,3.200663978363547102e+00
6.291894623097511463e+00,-4.720245543420643841e+00
-1.817185125734136930e+00,-2.124006454734267635e+00
5.844608767725205656e-01,5.830745190740946882e+00
6.509341758834725766e+00,-5.609351419370487424e-01
-4.197117603826756138e+00,-5.530661728775722707e+00
-1.360604334692092721e+01,8.674183880680086389e+00
1.695271459091475208e+01,9.719754262307931825e+00
-9.207419792305847395e+00,-1.283349120335924098e+01
1.423555992173164197e+00,5.055801497070111949e+00
-1.070681168540712846e+01,-9.738096987333372923e+00
7.858253171322694186e+00,1.916591915549775926e+00
-4.049805565492894388e-01,2.180941062647712592e+00
1.661014668590754528e+00,-1.473499016508334236e+01
-2.472996060648928296e+00,-3.847810361146903002e+00
-1.026508899640209194e+01,6.394937521602402697e+00
-4.585717996648346784e+00,1.930709444721031787e+00
5.994120240471191075e+00,7.813454759410637607e+00
8.707261739304296810e+00,-5.943199900583484574e-01
6.515799967347018828e+00,4.082536317964056138e+00
3.245357509470696122e+00,2.783695208326545156e+00
-7.091369948007675283e+00,-6.956048019405582039e+00
-6.877319066118290358e-01,-5.778595696614687860e+00
-1.243749505734617067e+00,9.975953626180134037e-02
-1.103060284977881222e+00,-7.306881252765602408e-01
-1.551382721073184090e+00,2.428754557364420918e-01
6.964626411738036538e+00,6.178608986317439822e-01
-3.617131474739903041e-01,-2.867636828006243643e-01
-2.464420407743978636e+00,3.233955948498281607e-01
-5.814332234235887853e+00,3.891060854178097550e+00
-4.406436926250856700e+00,-1.590260806395429771e+00
-1.926256557061476471e+00,2.187946193213789137e+00
-6.320406608131014181e+00,-6.662969565145065332e+00
1.674110701638600318e-01,1.170934602860477369e+01
2.121307726549732209e+00,-2.645528069079059463e-01
-2.239500592164454851e+00,6.734003626182261115e+00
-1.556862679431958441e-01,-1.976653813645614433e+00
4.449405221361630858e+00,5.112822778731064277e-01
-2.884441396841792127e+00,8.267830579079497255e+00
-3.583459452070037798e+00,2.474532059684991125e+00
5.066728328412940741e+00,-4.761076421860082064e+00
3.307297258598620893e+00,7.077461460440925833e-02
-7.701971154940845388e-01,1.215257770441335872e+00
-4.846069235496097249e+00,2.283693418382134688e+00
-2.737203993183179307e+00,1.629949252577966412e+00
-8.380672803245481362e-02,-4.270266272774019711e+00
-6.874193672615067641e-01,-4.364360351900288926e+00
1.480785620702967931e-01,-3.439435640350450019e+00
-2.007520603332944020e+00,-1.159577350490103909e+00
1.136935887467080519e+00,1.365638067685738477e+00
1.111029701900427380e+00,3.342179847476947963e+00
8.607299156676502250e-01,-2.009966872079653299e+00
1.244095401890629393e+00,3.369954164524631590e+00
3.276410966192052854e+00,1.134783017677099437e+00
4.279555718614031612e+00,1.044159479118819345e+00
-2.431407014691002733e+00,-2.304802753944444227e+00
1.705285751017660001e+00,4.227856371574608474e+00
5.250266126295905167e+00,3.114116238663343417e+00
3.995779819754748718e+00,-8.636699957765511471e+00
-5.858955484793076707e+00,2.493365111702541270e-01
3.453925979320538797e+00,4.964042492003161833e+00
-1.398986345776255469e+00,-5.330773580226866315e+00
9.777804202883213947e+00,-2.603970703467232362e+00
5.084669259866164026e+00,-7.801734200796683893e-01
-3.432665994499807027e+00,-2.195122994724139964e+00
-5.859892429286588822e+00,-5.594525127539089482e+00
-1.974404255795938035e+00,-1.911703249616194533e+00
8.853774494982632470e-01,8.552423109741282836e-01
4.269264136072489002e+00,1.127564317452690368e+00
-7.317853468438846321e-01,2.725375207875219363e+00
1.147765359270013441e+00,5.423352403495821150e+00
-3.944644577870470403e+00,2.030465496358973443e+00
-6.131474887736989565e+00,3.158461501340300348e+00
-5.613052474513997581e+00,1.566431974161392127e+00
-1.523102524055182538e+00,-4.881962999165303074e+00
-7.290196838209361818e-01,-3.568040045068698873e+00
1.575100102236316690e+00,-8.576034883544456644e-01
1.738977385530966480e+00,-2.831026981533276032e+00
2.641577344662764837e+00,-3.336926192277815062e+00
6.005404482301203162e-01,-9.078323880431660164e-01
2.490735062697596813e+00,1.082839474992995932e+00
1.294932514023326320e+00,-4.550307987581558855e-01
4.087033773932393643e-01,-9.837821434327236325e-01
-4.015877615597707617e+00,5.745968624847980877e+00
1.022426237861533949e+01,6.060234817975342914e+00
-7.445195045315394111e+00,-5.061056252684785761e+00
3.700084296297609043e+00,2.519063201411744668e+00
-7.102307392410984299e+00,8.312618914031741468e+00
-6.635164738129251560e+00,4.730153712838047753e-01
-7.243678827647839213e-01,-2.165766728534337826e+00
3.457764856047790492e+00,4.077959594007691813e-01
3.033541405371740218e+00,9.494413420651510727e-01
3.787169498640329035e+00,7.687453617702317832e-01
5.151886508829437439e-01,-7.690879262073151423e-01
3.997016581651068989e+00,4.679848833946698150e-02
1.851528092864860087e+00,-1.210047483729072226e+00
6.746259853541326512e-01,3.435749330297661164e+00
4.134834204433901483e+00,2.775684489491839990e+00
1.988870261427454267e+00,1.472755919638294220e+00
1.779660006523252402e+00,1.227177161881944478e+00
5.156720086520314439e+00,3.141123615666893354e+00
4.022056845973587258e-02,3.173563958904391136e+00
-1.059848468332610594e+00,3.635119333256399354e+00
-5.676050008923998469e-01,5.397122570146975384e+00
-1.568087277170660432e+00,1.664830154742756196e+00
-7.171561226179647974e+00,-9.061265170556207504e-01
-4.695887837757029004e+00,2.820133666898572145e+00
-2.041282311708385144e+00,3.969616131933601189e+00
-1.554775609254599011e+00,-5.570480383442519390e+00
-2.464944811650903134e+01,-5.106540860751422883e+00
2.067923128476360262e+01,3.884511464264726044e+01
-9.207164800948065775e+00,-9.049694989608525475e+00
7.938879881367959079e+00,-2.757240875202950292e+01
1.350147000075055104e+01,-1.663432354595344975e+01
1.040682976807577731e+01,-1.176407006560302015e+01
7.309280975240848299e+00,-1.562716884371311288e+00
8.263814793073560594e+00,1.045214320721816748e-01
7.018250949642778735e+00,1.627500171415345864e+00
5.028487709038817144e+00,1.432105365221326920e+00
2.497351495905490548e+00,3.407368275767279631e+00
3.542011588317978354e+00,5.851975362625552179e+00
3.308232273663220813e+00,3.716629714895667291e+00
3.068185779942621760e+00,4.675440582965563863e+00
2.050687005363123205e-01,4.707786145578486625e+00
-8.281768851125745901e-01,4.159650850587700788e+00
-2.516302747081424762e+00,4.364185907706649381e+00
-3.107353322507470317e+00,5.579213691068461323e+00
-4.648110829327036342e+00,5.244054791673357308e+00
-5.308524626147732128e+00,5.350421128579299079e+00
-6.414482837225388145e+00,3.118651959123591055e+00
-7.918990983221815050e+00,8.731129237431761725e-01
-9.389138642819428782e+00,-1.532768574033820386e-01
-1.064472835028678510e+01,-3.101142064727156811e+00
-1.027845916057918174e+01,-9.641703949261579254e+00
-1.080933573562859173e+01,-2.480378946289303599e+01
