-6.137439000000003197e+00,-0.000000000000000000e+00
-6.129239071955268070e-01,-3.917742522693380414e-01
-7.698185141587571279e-01,-7.385307474680837814e-01
-3.833171045963728041e-01,-1.403725079461326797e-01
-1.543773742734868004e-01,2.924758939581479922e-01
-9.877203163383677098e-02,-6.957931264144557870e-01
4.574338890003893932e-01,-4.806137004607329843e-01
-7.397076197849854484e-01,3.063917220093433924e-01
-3.666040986945754421e-01,-8.131610287710567819e-01
-1.261058175700009665e+00,-2.153004983892456536e+00
-1.096194642456962631e+00,3.122918407339492219e-02
-2.290625249344319658e-01,-6.090994469940337330e-01
-9.449556305817248258e-01,-1.586573235671251414e-02
1.500037338613852134e-01,-1.719501526765030874e+00
4.769874732913744197e-01,-1.457754371370482360e+00
2.062488761841939078e-01,6.027250937394408314e-01
-1.630811469116851264e-01,4.318376098585955392e-01
-1.438244121714075785e+00,9.945360126978075588e-01
-8.345734678414783447e-01,1.114999260880786602e+00
-1.934882199869966346e+00,-1.714439236728106941e+00
-2.348040874484663476e+00,2.000841546984744213e+01
-5.872792964360575851e-01,2.456282191941947080e+00
-1.918784981289452407e+00,-6.801922337187145118e-01
-2.428605510622117158e+00,6.305533912258172169e-01
4.164490794930968409e-01,1.874818882353801175e-01
-9.176550801087879350e-01,3.195189117716042970e-01
-3.314019403130171959e+00,1.927512840650804415e+00
-2.217965391929694885e+00,-3.509160349802342704e-02
-2.966950949440634311e+00,1.673558990029771210e-01
-1.520185775191763566e+00,-1.209901567513260279e+00
-8.423894647538601177e-01,-1.335304486704715687e+00
-1.262129679986817798e+00,-9.317626104760683425e-01
-3.335391220209896090e+00,-9.247249792489824483e-01
-9.366121207186522968e-01,9.037664274105891016e-01
-2.024884731553301176e+00,1.953415355604642967e-02
-5.191950724974032649e-01,-2.393226574688178676e+00
-2.146569961029998197e+00,1.247947607927968328e-01
-2.444846235704181581e+00,-2.661659353444376652e-01
1.518193671967717595e+00,-3.581576428269013235e-01
-4.964231321887069726e+00,-3.225478924596595576e+00
8.911762440952857744e+00,2.478747442942625501e+00
1.639281889853614116e+00,1.724231090945890221e+00
-2.043298543161963909e+00,2.563765329633933554e+00
-1.561446789702007232e+00,-2.559371186662599218e+00
-2.695726150553450218e+00,-1.057973602418730952e+00
1.374538479495898580e+00,1.855707518035838888e+00
1.087483269892960402e-01,-1.353898927645549310e+00
-2.749346448746251337e+00,-6.118901096148587904e-01
4.067531090870651900e-02,1.491526165766573264e+00
-1.027018445482843212e-01,2.132969108653910706e-01
3.743561907532200195e-01,-1.197371012535195955e+00
1.986276274511572293e+00,-1.967219786317032648e-01
-3.304754932103720622e-03,4.008716858388512994e-01
-4.200214270249676973e-01,1.011281753413016959e+00
2.589529894796221754e+00,-3.179640406119547791e+00
1.959222467591303640e-01,-7.690214600085002461e-01
4.633005357424898385e+00,8.896567858688045893e-01
-2.488756137083688869e-01,-1.674725610133992459e-01
-4.845693486009926332e+00,1.063203266611449038e+00
5.960308842035210830e+00,-2.294536792054210128e+00
-1.017555676521343244e+01,-3.167433074169591301e+00
-5.626179281479120498e+00,-4.435775039622716243e+00
-1.448812899679032817e-01,-1.726514969187716186e+00
-9.936100966223866404e-01,-4.871469880564635702e+00
4.874664524352598227e-02,-3.748299895308492280e-01
1.212599110021728821e+00,1.829399357223663536e+00
-1.049015017430732444e+00,-1.053063586679854557e+00
-1.368295330677580690e+00,1.225643442182237752e+00
-7.137302092314687929e-01,2.883584139749131303e+00
1.923008902034238909e+00,-2.159017311651894866e-01
-9.118845741528713855e-01,1.435341402039917558e+00
-1.886144680277304975e+00,-2.758034305809974551e+00
2.354044784683485325e+00,1.802464981456578519e+00
-1.029656579235210589e+00,-3.247394646366951854e+00
-6.646803651535528878e-01,-4.835065548343955300e+00
5.275020515075883321e-01,3.017049580632823469e-01
4.285721772849855782e+00,1.991000091881341305e+00
6.056418840100407763e+00,-1.284347739308613789e+00
-2.812982634044013608e+00,5.458342869620447235e-01
4.093082310038997917e+00,5.948305445928687263e+00
-1.207736038806700218e+00,-3.640534972123725233e+00
-2.729963196113327051e+00,-1.382709573030917571e+00
-5.784349229057691444e-01,-2.221424266977642503e+00
1.369438832580807119e+00,-1.914462000612547676e+00
4.472922905562525919e+00,1.686065431863346120e+00
3.578631115740946722e+00,4.980280897091005077e-02
-1.696474920710479450e+00,1.264880448490983689e-01
1.648161550373599127e+00,2.749696313026611882e+00
-9.329785750132377764e-01,6.816263039400297652e-01
1.704326899447946575e-01,-1.871534723693588420e+00
-1.105228074322808007e+00,-1.317064551029914155e+00
3.167445181428569789e+00,-1.456161803220103579e+00
7.638850879210286049e-01,-3.492852522369640056e+00
8.032410952310961250e+00,2.336053887964824050e+00
2.551622926055354235e+00,-6.967893888911314448e+00
-1.215166201191898665e+00,7.428438579978331457e-01
2.389533417345817146e+00,-1.235727801330029330e+01
-6.934169688816453458e+00,-5.948742894348864496e+00
1.045809553167901740e+01,5.166442291920948726e+00
-2.186439896688154150e+01,-1.854730615117647829e+01
1.061088998656846805e+01,2.041718050238950610e+01
8.157590453955206655e+00,2.637773012168173636e+01
-1.058868788557695284e-01,4.933629758688535816e+00
-1.200489840873041025e+01,4.534722486399586749e+00
-9.122013293904183584e+00,1.243212939534068084e+00
4.508032856356525286e-01,1.911639274270881650e+00
2.268422709264009463e+00,3.199288223817889687e+00
-2.753678427771340864e+00,1.634442619499834048e+00
-9.582648242553337692e-01,-2.437329445875872302e+00
-3.027401024068559821e+00,1.764957303837546565e-01
4.794849055511912206e-01,-3.202002118913079287e-01
-2.185887517187004470e+00,6.624731537808359327e-01
-1.898471625646612537e+00,-3.443000713086996178e+00
-2.775959363348968090e+00,-8.296500038145870892e-01
-3.242762306226868674e+00,1.907816230214438580e-01
9.560939385305905480e-02,-3.314238929293500946e-01
8.349818519292833141e-01,-5.969530389052540187e+00
-3.659166139070913815e+00,-1.855269169148837660e+00
1.738759598242515469e+00,-9.446608476575482083e-01
-6.193863491185604531e+00,2.649863858722270926e+00
1.697614740201334849e+00,-4.379221328384148570e+00
6.090705246603874912e+00,-1.186173290330210683e+00
2.284455931394822503e+00,-9.576310917206729556e-01
-1.546292764735543335e+00,1.435636396093791456e+00
-2.625465364388008371e+00,-2.046901208224893409e+00
-2.328209664042832028e+00,-5.714719443928519382e+00
2.645408406038871174e+00,-3.720668873268352606e+00
3.665449857619841545e+00,2.654147344692967536e-01
-1.014916946742412174e+00,9.942726611475819487e-01
2.323980444251343425e-01,1.275455071150752184e+00
-1.770757337292681255e+00,-4.284838439220682638e+00
4.193811405413709892e+00,-6.525895789735404406e+00
-3.675177768859556160e+00,-3.029730719940950667e-01
-4.278360003155041724e-01,-8.702262069516393694e+00
-1.026160088458981079e+01,-3.007290444690333242e+00
3.539598368728880562e+00,3.330009894190241404e+00
-1.428253267269685978e+01,2.335230015801067260e+00
-1.184473765798333744e+01,2.154902564096068929e+01
-4.736048942163524345e-01,-1.873167102921370741e+01
2.687552612149399778e-01,2.491533405617926178e+01
3.621957386702216564e+00,-6.282170395035937993e+00
1.429571234118268563e+01,-2.525046145470062342e+01
-3.028117640564971680e+00,-1.029620413834541104e+01
1.187300502610409580e+01,6.968868178073745590e+00
1.309797331302894818e+01,1.528716163709010267e+01
3.491013238768680971e-02,2.923875221995455576e+00
6.071294696722300266e-01,-7.852636755924125467e+00
-2.944139802626153823e+00,-4.862115614697630761e+00
-5.691105949455734780e-01,2.165102393174881179e+00
1.503231117286720764e+00,1.878875498843226577e+00
-5.170494475019706826e+00,-4.521752890274560066e+00
4.109269969962595859e+00,-2.815780245982529628e+00
2.516170618818750260e+00,2.489979307147120124e+00
-2.081318211868584900e+00,2.835402506818814228e+00
-4.963109540382717455e-01,6.187802343755700818e+00
3.399647489987515314e+00,-4.907307186145318134e+00
-5.167263904559286303e+00,-5.816305440210370881e-01
2.348827323009674117e+00,2.110753082163496330e+00
4.099628186974955679e-01,-1.246656957274433042e+00
-1.846617958292711137e-01,7.184639745572741987e+00
-1.609542647629292444e+00,1.408933788542086507e+00
1.013817938735331048e-01,1.050532051625394203e+00
-6.962283962518310831e-01,-3.058845694464083387e+00
-6.808373149386752754e-01,5.401103453553763423e+00
-3.172544379626436317e-01,-3.352651845053141066e+00
1.037205109886186083e+00,5.693493681588406297e+00
-2.060615730893413211e+00,1.353940747679449164e+00
4.726179915322163971e-01,-6.979492489079992534e-01
3.342344772779565432e+00,8.599082802523310143e-01
1.178484417677368778e+00,-1.938227935347419439e+00
1.834813372944070320e+00,2.780628180218593926e+00
-1.232654381304322477e+01,2.576934899058061834e+00
-1.872433421612410331e+00,-4.949692353850019266e+00
-1.212446163026658530e+00,1.883507746033795671e+00
-2.053627421394745856e+00,1.286416620242805209e+01
-1.860540952230972156e+00,1.414357068478675483e+00
2.275439213342281164e+00,1.223165960585485834e+01
2.477642339388469495e+01,7.009383310374577292e-01
-1.173961004748131387e+01,1.787880267698504611e+01
9.695245669619605877e+00,-7.091808404439735369e+00
9.549056558758733715e+00,-8.119768008378693835e-01
-2.881514412659165814e+01,-4.365591683485034125e+00
-8.699747398024012313e+00,8.767346232950156804e+00
-2.152272554172683705e+00,-5.338588822800105049e+00
5.174917498656808057e+00,-2.283442634057708887e+01
8.860428850095681597e+00,-6.052428975946804179e+00
-1.247652249093736065e+00,5.894229894170771367e+00
-8.913208242511931445e+00,5.951861683764683164e+00
-2.271763445833195227e+00,2.093503845603643221e+00
2.703378429142649697e+00,-5.613365190572254804e+00
9.617565128607423741e-01,2.375630989583221275e+00
-6.764034598534738763e+00,3.545309354018037151e+00
-1.058817210212587678e+00,-5.710685378917013111e+00
1.419422496917894794e+00,2.311732384205745783e-01
5.547760504390698344e+00,-1.513586313682314444e+00
-3.243420984663175854e+00,-4.688956014074283196e+00
-3.263223628973288992e+00,5.030058027292776401e+00
2.040205125136540953e+00,-3.030795765601833391e+00
1.670761120147365553e+00,-3.724200044914178775e+00
1.202970344697705363e+00,-9.849094371553288596e-01
2.167981406575495207e+00,4.228493059687242095e+00
-4.096611830628824613e-01,-1.857848629344482250e+00
-4.247532625618671176e+00,-1.772031289706115675e+00
4.936542178714954154e+00,-8.882035241258283698e-01
-1.349003872908327128e+00,2.261980544411928307e+00
3.181938446054153324e-01,-3.204841319143915346e+00
5.544846304846022811e-01,-1.994077688101822510e+00
2.299574055551282914e+00,1.578561976354468488e+00
2.812821549331880888e-01,-1.115809670135762932e+00
-5.279662453391163801e+00,1.667993412500432093e+00
-7.270959456956951339e-01,-4.670234457390045613e+00
4.488381658263864260e+00,4.352254129784475012e+00
-9.144670495448783409e-01,3.077672073792586893e+00
-4.910798829758456385e+00,3.213551058749407829e+00
7.405871696049664443e+00,-2.985764345494110295e+00
2.443607878927709365e+00,1.114068979343413313e+00
9.167228041886993140e+00,5.821507446659129670e+00
-8.845644818552504951e-01,-1.023327720641465710e+01
6.679934812158106361e+00,6.364020766513799998e+00
-5.840384623804688591e-01,-2.556772633894780711e+00
2.693294022657271025e+00,-6.910365150747599827e+00
-4.468076454882583093e+00,9.260151305222661833e+00
3.048440536019428215e+00,5.868437110401977463e+00
2.287759748747220101e+00,-3.287591044646585026e-01
-7.215293996424956724e+00,-1.276942166429004155e+00
-7.333250724224508410e+00,-4.619391178257890473e+00
2.174906460519405282e+00,-2.650369457602888446e+00
2.599461539707426105e+00,1.600156761359098567e+00
2.502859388418028797e+00,1.690556419013129030e+00
-2.479613135026899950e+00,1.466463270465789837e+00
-1.173569095504655824e+00,-2.780305503732568573e-01
2.163126660974834969e+00,2.000792550180087837e+00
-1.495266991971237580e+00,-5.109407478881597964e-01
1.237733334938217356e+00,-1.282481479488219445e-01
-1.816011553943634116e+00,-2.306212952645263936e+00
-2.622537145971423733e+00,-1.683206215867734556e+00
3.329514294112362105e+00,-1.813125271736991007e+00
-4.330049489287321474e-01,2.634593004472935096e+00
-3.247325255254278176e+00,-1.488761477196479444e+00
-1.768791892839197244e+00,-4.591421339368162435e-02
1.129120041575474742e+00,1.282979078759977520e+00
2.122900298886094994e+00,-3.269651778727588276e+00
-6.348282311177625425e-01,1.811882556156005020e+00
-1.145741867076061293e+00,-1.387477202093680084e+00
4.455904510291043508e+00,1.843838331875980119e+00
9.763054515459042015e-01,3.678951609336241546e+00
-1.365576622705089838e+00,1.706178041967570502e+00
5.340830806020271382e-01,-2.558863208420835811e+00
-1.533703504336338508e+00,-2.523048246419619556e+00
1.943766183576889794e+00,1.839781325486509189e+00
-3.771817403985997075e+00,4.924802321818033679e-01
2.656053981908961248e+00,-2.468761872543888458e+00
-4.209059929460057248e-01,-2.465632530513772736e+00
-3.887454055677062037e-01,4.914922524878627463e+00
-9.023125446883906164e-02,-2.076547337645402447e+00
-1.440229360788781277e+00,2.157936839543898255e+00
6.350594435834139517e+00,-1.506647696075473775e-01
-4.727621650919988205e+00,-2.204360791842285838e+00
4.802855697549798464e+00,-2.604289916014549178e+00
2.761038357119861786e+00,1.297710963875106316e+00
-2.180813672298345995e+00,-6.859202370654199576e+00
1.884363264238361868e+00,4.491238942451752258e+00
3.840048847894125039e+00,2.545428703786426272e+00
6.752018044856479273e-01,1.533370590909577391e+00
-4.569956048163776430e+00,-3.437742483107354419e-01
-6.762476212571135292e+00,2.112198871221874441e+00
-3.074000971677983252e+00,-3.042401526743423013e+00
1.435342261945105724e+00,-1.813822213749697543e+00
1.575379431515293360e+00,-1.457253720934855945e+00
1.619209942608063724e+00,-9.769220280026702508e-02
-1.745821372847141895e+00,5.778467315260633619e-01
1.932574356867627241e+00,7.065114059784676215e-01
-1.012069893080165928e+00,-3.945115382805206572e-01
2.806960374669236202e-01,-9.034228981234806444e-01
6.216286582121032245e-01,-5.652486020859166516e-01
-1.420643127509848558e+00,1.837091423591307837e+00
-7.516996242952089791e-01,-1.463649373070894932e-01
9.103113887210003696e-01,-1.677100752236283965e+00
9.429455846265095698e-01,-1.695343856431676732e+00
-3.001730766489582036e-01,1.472716662396011067e+00
2.239014655679120835e+00,-5.207054854581980585e-01
-1.354918997063898178e+00,-1.087670273962179079e+00
1.618333151289708560e+00,1.027677269435578244e+00
-7.272059088186112741e-02,7.877264047352300347e-01
3.292055299156845249e-01,-2.047408573421555911e+00
7.711959130800487561e-01,-1.511121109185978417e+00
1.636524749739598938e+00,4.260755353283579572e-01
4.068827912596597596e-01,-9.766424394081688054e-02
-1.351403181302029299e+00,2.007488643423335883e+00
8.413939380896611198e-01,-7.448570720543334911e-01
-1.565926691738526833e+00,2.870414819136319906e+00
-5.105730909610035895e-02,1.959968491850265782e-01
-4.107903949996622117e+00,-3.222829159389958842e-02
3.158353821040719822e+00,2.422634993507200907e+00
9.538511673793113044e-01,7.790959956415288712e-01
2.294675535156431856e-02,2.283557001103060813e+00
5.165579552588195344e-01,-3.576021485383118925e+00
-1.460875165132844877e+00,1.742820274496342803e+00
-3.010509896252862916e+00,-1.994588731940772242e+00
3.395263390792237601e+00,-2.614944500850309161e+00
-3.790631867050539228e+00,1.396341823238749225e-01
2.022284734863135203e+00,-4.865342747765311060e-01
2.923542215690370760e+00,5.424140123441375527e-01
1.168162537128841771e+00,-2.560047235285382694e+00
-1.202419543956043446e+00,1.470875947813672591e+00
-2.779877373985528699e-01,4.717839508254265013e+00
-1.704291418301446148e+00,3.049857276415694152e+00
-2.077185908896644229e+00,-1.297366773542265816e+00
-1.100040714073601489e+00,-1.447454496614549502e+00
7.800704846798907077e-01,-1.726484022358039772e+00
2.600446981117288670e-01,2.787292237530184291e+00
8.094263921316533494e-01,-7.279270118471816708e-01
-9.390947128226463381e-01,6.536220632008007403e-01
-2.273021788729729376e-01,4.507444091428185473e-01
-1.068510164816902197e+00,-6.979942520725253008e-01
-3.217496152298601059e-02,1.429999267221408799e+00
-5.321570701362889899e-01,4.462854089519669443e-01
-1.951333006416098304e-01,-1.719683990400626694e-01
-1.847863343574736250e+00,-1.313704274451392262e+00
6.487943198557193369e-01,9.294825010368790164e-01
2.430616806994234380e-01,-1.014308966499290809e+00
-1.420733535799360236e+00,8.689751006690391577e-01
2.380053912979335218e-01,-1.309663836344325150e+00
4.166888733015974844e-01,-9.065818424135759779e-01
-5.812731672855044884e-01,-1.107306015839184754e+00
-8.198918568451251110e-01,-5.218262517949154855e-01
2.372463125767293457e-02,-5.719431682222977376e-01
-8.458734972275959718e-01,-7.224902927086720439e-01
2.014422071662055558e+00,2.365957770420423323e+00
-1.449680152998190419e+00,-6.341380671393535007e-01
1.355062901318477842e+00,1.210327354632193542e+00
-1.103010192268562284e-01,-9.483057440576132535e-01
-1.486433528404143001e-01,2.537926243114804414e+00
5.606796736198271791e-01,-9.513471945388409790e-01
1.375620723527847256e-01,-1.664706329640733840e+00
2.618993287150995553e+00,-4.654603456263306516e-01
-2.444314991464320297e+00,2.412329786972876589e-01
3.601763143781889775e-01,-2.904264947696284446e-02
4.857777840547028436e-01,3.367020445696690345e+00
-2.228621820647736396e+00,-2.658385082294027146e+00
8.071889639671772088e-01,1.107483075890754787e+00
-1.934792024459849769e+00,-3.509148746152415121e-01
6.883645090997854155e-01,-3.046043258239132356e+00
-1.156740140618017998e+00,-7.526281172701019262e-01
-1.370329329912563232e-02,1.086794152137462888e+00
1.926456024457712246e+00,4.724765768832976387e-01
2.056336763725295391e+00,-5.489082341985446201e-01
-6.731362621756475928e-01,9.383487528104267339e-01
-1.028906945339685963e+00,1.276769772642689649e+00
-2.006720120032534638e+00,-8.255698508859395934e-01
1.699913298648022986e+00,-2.293812402350067225e-01
-2.300720731705366007e-01,-1.632331199747185435e+00
4.527224162677089825e-01,3.728934939524433667e-01
1.198434747256298533e-01,-4.056317396727287528e-01
-5.419106428052087310e-01,2.352618937926617970e-01
8.147698626294338498e-01,-3.066923122049759476e-01
7.854425695227086335e-01,3.882286761453133117e-01
2.935124135408758578e-02,-4.300628505073371931e-03
-4.810123842273383299e-01,1.456425738758602373e+00
1.112690565177560487e+00,-2.067987054982526884e-01
-2.814048609865310580e-01,-1.456304519875815107e+00
8.173301731312470064e-01,1.155841572630159186e+00
-9.094990825240901744e-01,3.452294757210452869e-01
-2.389232133445554351e-01,-7.158449708465149108e-02
-6.788237048165850496e-01,-3.296645850243296039e-01
-4.632823185883223616e-01,7.033150010296898014e-01
-3.378192039126993174e-01,-3.752687753427544903e-01
-1.537252128782788496e+00,1.236579319064551097e+00
1.691344582006981456e+00,-1.083939119135887807e+00
5.220642795420018523e-01,1.281725135606976762e+00
5.278103692676846537e-01,-4.352395777925108233e-01
-1.759127540834533709e+00,2.746901141141107061e-01
1.364479540152820469e+00,1.288867364113065461e+00
1.098843587539065185e-02,-5.398139441631694818e-02
-1.021128258922112453e+00,-3.906311886124835264e-01
-6.466554334224643430e-01,-2.264665934405119874e+00
4.437948433044749397e-01,1.041432789929813918e+00
-1.025454569444551822e+00,1.795067189997779922e-01
2.837829096316575317e+00,-6.102673311058779415e-01
-1.413871885971867748e+00,2.356106851947967762e+00
-2.670107255045591765e-01,-1.068944230657109529e+00
1.922079901582006423e-01,1.018823455656385102e+00
-2.570809075625457574e+00,-3.680749007870416367e-01
-9.394639727856589628e-01,2.647729038853539885e-02
2.895023588902667644e-01,2.678121986014088129e-01
8.642533993455223662e-01,-4.915676557043194839e-01
-1.052297024248067814e-01,-2.066825721638867908e+00
2.968615118685805077e-01,7.208384377215905081e-01
1.056693017432134063e+00,1.323331430233581352e-01
-9.623815414386388545e-02,1.198236522036902230e+00
6.560019590890436847e-01,-1.207304992488107853e+00
-9.094285185030417384e-01,4.942187464134963348e-01
1.055816453315758519e-01,-3.179274025394182024e-01
-2.311595143315783307e-01,-6.285791608849640166e-01
-2.080124402110559712e-01,1.273132457048064270e-01
-2.661222690220697018e-01,-4.308528836582620758e-01
1.694118396218174116e-01,1.135351362810268216e-01
-1.179928795197914493e+00,-3.478436038057899360e-01
1.523221973502159488e+00,2.466978465234999085e-01
1.523221973502159488e+00,-2.466978465234999085e-01
-1.179928795197914493e+00,3.478436038057899360e-01
1.694118396218174116e-01,-1.135351362810268216e-01
-2.661222690220697018e-01,4.308528836582620758e-01
-2.080124402110559712e-01,-1.273132457048064270e-01
-2.311595143315783307e-01,6.285791608849640166e-01
1.055816453315758519e-01,3.179274025394182024e-01
-9.094285185030417384e-01,-4.942187464134963348e-01
6.560019590890436847e-01,1.207304992488107853e+00
-9.623815414386388545e-02,-1.198236522036902230e+00
1.056693017432134063e+00,-1.323331430233581352e-01
2.968615118685805077e-01,-7.208384377215905081e-01
-1.052297024248067814e-01,2.066825721638867908e+00
8.642533993455223662e-01,4.915676557043194839e-01
2.895023588902667644e-01,-2.678121986014088129e-01
-9.394639727856589628e-01,-2.647729038853539885e-02
-2.570809075625457574e+00,3.680749007870416367e-01
1.922079901582006423e-01,-1.018823455656385102e+00
-2.670107255045591765e-01,1.068944230657109529e+00
-1.413871885971867748e+00,-2.356106851947967762e+00
2.837829096316575317e+00,6.102673311058779415e-01
-1.025454569444551822e+00,-1.795067189997779922e-01
4.437948433044749397e-01,-1.041432789929813918e+00
-6.466554334224643430e-01,2.264665934405119874e+00
-1.021128258922112453e+00,3.906311886124835264e-01
1.098843587539065185e-02,5.398139441631694818e-02
1.364479540152820469e+00,-1.288867364113065461e+00
-1.759127540834533709e+00,-2.746901141141107061e-01
5.278103692676846537e-01,4.352395777925108233e-01
5.220642795420018523e-01,-1.281725135606976762e+00
1.691344582006981456e+00,1.083939119135887807e+00
-1.537252128782788496e+00,-1.236579319064551097e+00
-3.378192039126993174e-01,3.752687753427544903e-01
-4.632823185883223616e-01,-7.033150010296898014e-01
-6.788237048165850496e-01,3.296645850243296039e-01
-2.389232133445554351e-01,7.158449708465149108e-02
-9.094990825240901744e-01,-3.452294757210452869e-01
8.173301731312470064e-01,-1.155841572630159186e+00
-2.814048609865310580e-01,1.456304519875815107e+00
1.112690565177560487e+00,2.067987054982526884e-01
-4.810123842273383299e-01,-1.456425738758602373e+00
2.935124135408758578e-02,4.300628505073371931e-03
7.854425695227086335e-01,-3.882286761453133117e-01
8.147698626294338498e-01,3.066923122049759476e-01
-5.419106428052087310e-01,-2.352618937926617970e-01
1.198434747256298533e-01,4.056317396727287528e-01
4.527224162677089825e-01,-3.728934939524433667e-01
-2.300720731705366007e-01,1.632331199747185435e+00
1.699913298648022986e+00,2.293812402350067225e-01
-2.006720120032534638e+00,8.255698508859395934e-01
-1.028906945339685963e+00,-1.276769772642689649e+00
-6.731362621756475928e-01,-9.383487528104267339e-01
2.056336763725295391e+00,5.489082341985446201e-01
1.926456024457712246e+00,-4.724765768832976387e-01
-1.370329329912563232e-02,-1.086794152137462888e+00
-1.156740140618017998e+00,7.526281172701019262e-01
6.883645090997854155e-01,3.046043258239132356e+00
-1.934792024459849769e+00,3.509148746152415121e-01
8.071889639671772088e-01,-1.107483075890754787e+00
-2.228621820647736396e+00,2.658385082294027146e+00
4.857777840547028436e-01,-3.367020445696690345e+00
3.601763143781889775e-01,2.904264947696284446e-02
-2.444314991464320297e+00,-2.412329786972876589e-01
2.618993287150995553e+00,4.654603456263306516e-01
1.375620723527847256e-01,1.664706329640733840e+00
5.606796736198271791e-01,9.513471945388409790e-01
-1.486433528404143001e-01,-2.537926243114804414e+00
-1.103010192268562284e-01,9.483057440576132535e-01
1.355062901318477842e+00,-1.210327354632193542e+00
-1.449680152998190419e+00,6.341380671393535007e-01
2.014422071662055558e+00,-2.365957770420423323e+00
-8.458734972275959718e-01,7.224902927086720439e-01
2.372463125767293457e-02,5.719431682222977376e-01
-8.198918568451251110e-01,5.218262517949154855e-01
-5.812731672855044884e-01,1.107306015839184754e+00
4.166888733015974844e-01,9.065818424135759779e-01
2.380053912979335218e-01,1.309663836344325150e+00
-1.420733535799360236e+00,-8.689751006690391577e-01
2.430616806994234380e-01,1.014308966499290809e+00
6.487943198557193369e-01,-9.294825010368790164e-01
-1.847863343574736250e+00,1.313704274451392262e+00
-1.951333006416098304e-01,1.719683990400626694e-01
-5.321570701362889899e-01,-4.462854089519669443e-01
-3.217496152298601059e-02,-1.429999267221408799e+00
-1.068510164816902197e+00,6.979942520725253008e-01
-2.273021788729729376e-01,-4.507444091428185473e-01
-9.390947128226463381e-01,-6.536220632008007403e-01
8.094263921316533494e-01,7.279270118471816708e-01
2.600446981117288670e-01,-2.787292237530184291e+00
7.800704846798907077e-01,1.726484022358039772e+00
-1.100040714073601489e+00,1.447454496614549502e+00
-2.077185908896644229e+00,1.297366773542265816e+00
-1.704291418301446148e+00,-3.049857276415694152e+00
-2.779877373985528699e-01,-4.717839508254265013e+00
-1.202419543956043446e+00,-1.470875947813672591e+00
1.168162537128841771e+00,2.560047235285382694e+00
2.923542215690370760e+00,-5.424140123441375527e-01
2.022284734863135203e+00,4.865342747765311060e-01
-3.790631867050539228e+00,-1.396341823238749225e-01
3.395263390792237601e+00,2.614944500850309161e+00
-3.010509896252862916e+00,1.994588731940772242e+00
-1.460875165132844877e+00,-1.742820274496342803e+00
5.165579552588195344e-01,3.576021485383118925e+00
2.294675535156431856e-02,-2.283557001103060813e+00
9.538511673793113044e-01,-7.790959956415288712e-01
3.158353821040719822e+00,-2.422634993507200907e+00
-4.107903949996622117e+00,3.222829159389958842e-02
-5.105730909610035895e-02,-1.959968491850265782e-01
-1.565926691738526833e+00,-2.870414819136319906e+00
8.413939380896611198e-01,7.448570720543334911e-01
-1.351403181302029299e+00,-2.007488643423335883e+00
4.068827912596597596e-01,9.766424394081688054e-02
1.636524749739598938e+00,-4.260755353283579572e-01
7.711959130800487561e-01,1.511121109185978417e+00
3.292055299156845249e-01,2.047408573421555911e+00
-7.272059088186112741e-02,-7.877264047352300347e-01
1.618333151289708560e+00,-1.027677269435578244e+00
-1.354918997063898178e+00,1.087670273962179079e+00
2.239014655679120835e+00,5.207054854581980585e-01
-3.001730766489582036e-01,-1.472716662396011067e+00
9.429455846265095698e-01,1.695343856431676732e+00
9.103113887210003696e-01,1.677100752236283965e+00
-7.516996242952089791e-01,1.463649373070894932e-01
-1.420643127509848558e+00,-1.837091423591307837e+00
6.216286582121032245e-01,5.652486020859166516e-01
2.806960374669236202e-01,9.034228981234806444e-01
-1.012069893080165928e+00,3.945115382805206572e-01
1.932574356867627241e+00,-7.065114059784676215e-01
-1.745821372847141895e+00,-5.778467315260633619e-01
1.619209942608063724e+00,9.769220280026702508e-02
1.575379431515293360e+00,1.457253720934855945e+00
1.435342261945105724e+00,1.813822213749697543e+00
-3.074000971677983252e+00,3.042401526743423013e+00
-6.762476212571135292e+00,-2.112198871221874441e+00
-4.569956048163776430e+00,3.437742483107354419e-01
6.752018044856479273e-01,-1.533370590909577391e+00
3.840048847894125039e+00,-2.545428703786426272e+00
1.884363264238361868e+00,-4.491238942451752258e+00
-2.180813672298345995e+00,6.859202370654199576e+00
2.761038357119861786e+00,-1.297710963875106316e+00
4.802855697549798464e+00,2.604289916014549178e+00
-4.727621650919988205e+00,2.204360791842285838e+00
6.350594435834139517e+00,1.506647696075473775e-01
-1.440229360788781277e+00,-2.157936839543898255e+00
-9.023125446883906164e-02,2.076547337645402447e+00
-3.887454055677062037e-01,-4.914922524878627463e+00
-4.209059929460057248e-01,2.465632530513772736e+00
2.656053981908961248e+00,2.468761872543888458e+00
-3.771817403985997075e+00,-4.924802321818033679e-01
1.943766183576889794e+00,-1.839781325486509189e+00
-1.533703504336338508e+00,2.523048246419619556e+00
5.340830806020271382e-01,2.558863208420835811e+00
-1.365576622705089838e+00,-1.706178041967570502e+00
9.763054515459042015e-01,-3.678951609336241546e+00
4.455904510291043508e+00,-1.843838331875980119e+00
-1.145741867076061293e+00,1.387477202093680084e+00
-6.348282311177625425e-01,-1.811882556156005020e+00
2.122900298886094994e+00,3.269651778727588276e+00
1.129120041575474742e+00,-1.282979078759977520e+00
-1.768791892839197244e+00,4.591421339368162435e-02
-3.247325255254278176e+00,1.488761477196479444e+00
-4.330049489287321474e-01,-2.634593004472935096e+00
3.329514294112362105e+00,1.813125271736991007e+00
-2.622537145971423733e+00,1.683206215867734556e+00
-1.816011553943634116e+00,2.306212952645263936e+00
1.237733334938217356e+00,1.282481479488219445e-01
-1.495266991971237580e+00,5.109407478881597964e-01
2.163126660974834969e+00,-2.000792550180087837e+00
-1.173569095504655824e+00,2.780305503732568573e-01
-2.479613135026899950e+00,-1.466463270465789837e+00
2.502859388418028797e+00,-1.690556419013129030e+00
2.599461539707426105e+00,-1.600156761359098567e+00
2.174906460519405282e+00,2.650369457602888446e+00
-7.333250724224508410e+00,4.619391178257890473e+00
-7.215293996424956724e+00,1.276942166429004155e+00
2.287759748747220101e+00,3.287591044646585026e-01
3.048440536019428215e+00,-5.868437110401977463e+00
-4.468076454882583093e+00,-9.260151305222661833e+00
2.693294022657271025e+00,6.910365150747599827e+00
-5.840384623804688591e-01,2.556772633894780711e+00
6.679934812158106361e+00,-6.364020766513799998e+00
-8.845644818552504951e-01,1.023327720641465710e+01
9.167228041886993140e+00,-5.821507446659129670e+00
2.443607878927709365e+00,-1.114068979343413313e+00
7.405871696049664443e+00,2.985764345494110295e+00
-4.910798829758456385e+00,-3.213551058749407829e+00
-9.144670495448783409e-01,-3.077672073792586893e+00
4.488381658263864260e+00,-4.352254129784475012e+00
-7.270959456956951339e-01,4.670234457390045613e+00
-5.279662453391163801e+00,-1.667993412500432093e+00
2.812821549331880888e-01,1.115809670135762932e+00
2.299574055551282914e+00,-1.578561976354468488e+00
5.544846304846022811e-01,1.994077688101822510e+00
3.181938446054153324e-01,3.204841319143915346e+00
-1.349003872908327128e+00,-2.261980544411928307e+00
4.936542178714954154e+00,8.882035241258283698e-01
-4.247532625618671176e+00,1.772031289706115675e+00
-4.096611830628824613e-01,1.857848629344482250e+00
2.167981406575495207e+00,-4.228493059687242095e+00
1.202970344697705363e+00,9.849094371553288596e-01
1.670761120147365553e+00,3.724200044914178775e+00
2.040205125136540953e+00,3.030795765601833391e+00
-3.263223628973288992e+00,-5.030058027292776401e+00
-3.243420984663175854e+00,4.688956014074283196e+00
5.547760504390698344e+00,1.513586313682314444e+00
1.419422496917894794e+00,-2.311732384205745783e-01
-1.058817210212587678e+00,5.710685378917013111e+00
-6.764034598534738763e+00,-3.545309354018037151e+00
9.617565128607423741e-01,-2.375630989583221275e+00
2.703378429142649697e+00,5.613365190572254804e+00
-2.271763445833195227e+00,-2.093503845603643221e+00
-8.913208242511931445e+00,-5.951861683764683164e+00
-1.247652249093736065e+00,-5.894229894170771367e+00
8.860428850095681597e+00,6.052428975946804179e+00
5.174917498656808057e+00,2.283442634057708887e+01
-2.152272554172683705e+00,5.338588822800105049e+00
-8.699747398024012313e+00,-8.767346232950156804e+00
-2.881514412659165814e+01,4.365591683485034125e+00
9.549056558758733715e+00,8.119768008378693835e-01
9.695245669619605877e+00,7.091808404439735369e+00
-1.173961004748131387e+01,-1.787880267698504611e+01
2.477642339388469495e+01,-7.009383310374577292e-01
2.275439213342281164e+00,-1.223165960585485834e+01
-1.860540952230972156e+00,-1.414357068478675483e+00
-2.053627421394745856e+00,-1.286416620242805209e+01
-1.212446163026658530e+00,-1.883507746033795671e+00
-1.872433421612410331e+00,4.949692353850019266e+00
-1.232654381304322477e+01,-2.576934899058061834e+00
1.834813372944070320e+00,-2.780628180218593926e+00
1.178484417677368778e+00,1.938227935347419439e+00
3.342344772779565432e+00,-8.599082802523310143e-01
4.726179915322163971e-01,6.979492489079992534e-01
-2.060615730893413211e+00,-1.353940747679449164e+00
1.037205109886186083e+00,-5.693493681588406297e+00
-3.172544379626436317e-01,3.352651845053141066e+00
-6.808373149386752754e-01,-5.401103453553763423e+00
-6.962283962518310831e-01,3.058845694464083387e+00
1.013817938735331048e-01,-1.050532051625394203e+00
-1.609542647629292444e+00,-1.408933788542086507e+00
-1.846617958292711137e-01,-7.184639745572741987e+00
4.099628186974955679e-01,1.246656957274433042e+00
2.348827323009674117e+00,-2.110753082163496330e+00
-5.167263904559286303e+00,5.816305440210370881e-01
3.399647489987515314e+00,4.907307186145318134e+00
-4.963109540382717455e-01,-6.187802343755700818e+00
-2.081318211868584900e+00,-2.835402506818814228e+00
2.516170618818750260e+00,-2.489979307147120124e+00
4.109269969962595859e+00,2.815780245982529628e+00
-5.170494475019706826e+00,4.521752890274560066e+00
1.503231117286720764e+00,-1.878875498843226577e+00
-5.691105949455734780e-01,-2.165102393174881179e+00
-2.944139802626153823e+00,4.862115614697630761e+00
6.071294696722300266e-01,7.852636755924125467e+00
3.491013238768680971e-02,-2.923875221995455576e+00
1.309797331302894818e+01,-1.528716163709010267e+01
1.187300502610409580e+01,-6.968868178073745590e+00
-3.028117640564971680e+00,1.029620413834541104e+01
1.429571234118268563e+01,2.525046145470062342e+01
3.621957386702216564e+00,6.282170395035937993e+00
2.687552612149399778e-01,-2.491533405617926178e+01
-4.736048942163524345e-01,1.873167102921370741e+01
-1.184473765798333744e+01,-2.154902564096068929e+01
-1.428253267269685978e+01,-2.335230015801067260e+00
3.539598368728880562e+00,-3.330009894190241404e+00
-1.026160088458981079e+01,3.007290444690333242e+00
-4.278360003155041724e-01,8.702262069516393694e+00
-3.675177768859556160e+00,3.029730719940950667e-01
4.193811405413709892e+00,6.525895789735404406e+00
-1.770757337292681255e+00,4.284838439220682638e+00
2.323980444251343425e-01,-1.275455071150752184e+00
-1.014916946742412174e+00,-9.942726611475819487e-01
3.665449857619841545e+00,-2.654147344692967536e-01
2.645408406038871174e+00,3.720668873268352606e+00
-2.328209664042832028e+00,5.714719443928519382e+00
-2.625465364388008371e+00,2.046901208224893409e+00
-1.546292764735543335e+00,-1.435636396093791456e+00
2.284455931394822503e+00,9.576310917206729556e-01
6.090705246603874912e+00,1.186173290330210683e+00
1.697614740201334849e+00,4.379221328384148570e+00
-6.193863491185604531e+00,-2.649863858722270926e+00
1.738759598242515469e+00,9.446608476575482083e-01
-3.659166139070913815e+00,1.855269169148837660e+00
8.349818519292833141e-01,5.969530389052540187e+00
9.560939385305905480e-02,3.314238929293500946e-01
-3.242762306226868674e+00,-1.907816230214438580e-01
-2.775959363348968090e+00,8.296500038145870892e-01
-1.898471625646612537e+00,3.443000713086996178e+00
-2.185887517187004470e+00,-6.624731537808359327e-01
4.794849055511912206e-01,3.202002118913079287e-01
-3.027401024068559821e+00,-1.764957303837546565e-01
-9.582648242553337692e-01,2.437329445875872302e+00
-2.753678427771340864e+00,-1.634442619499834048e+00
2.268422709264009463e+00,-3.199288223817889687e+00
4.508032856356525286e-01,-1.911639274270881650e+00
-9.122013293904183584e+00,-1.243212939534068084e+00
-1.200489840873041025e+01,-4.534722486399586749e+00
-1.058868788557695284e-01,-4.933629758688535816e+00
8.157590453955206655e+00,-2.637773012168173636e+01
1.061088998656846805e+01,-2.041718050238950610e+01
-2.186439896688154150e+01,1.854730615117647829e+01
1.045809553167901740e+01,-5.166442291920948726e+00
-6.934169688816453458e+00,5.948742894348864496e+00
2.389533417345817146e+00,1.235727801330029330e+01
-1.215166201191898665e+00,-7.428438579978331457e-01
2.551622926055354235e+00,6.967893888911314448e+00
8.032410952310961250e+00,-2.336053887964824050e+00
7.638850879210286049e-01,3.492852522369640056e+00
3.167445181428569789e+00,1.456161803220103579e+00
-1.105228074322808007e+00,1.317064551029914155e+00
1.704326899447946575e-01,1.871534723693588420e+00
-9.329785750132377764e-01,-6.816263039400297652e-01
1.648161550373599127e+00,-2.749696313026611882e+00
-1.696474920710479450e+00,-1.264880448490983689e-01
3.578631115740946722e+00,-4.980280897091005077e-02
4.472922905562525919e+00,-1.686065431863346120e+00
1.369438832580807119e+00,1.914462000612547676e+00
-5.784349229057691444e-01,2.221424266977642503e+00
-2.729963196113327051e+00,1.382709573030917571e+00
-1.207736038806700218e+00,3.640534972123725233e+00
4.093082310038997917e+00,-5.948305445928687263e+00
-2.812982634044013608e+00,-5.458342869620447235e-01
6.056418840100407763e+00,1.284347739308613789e+00
4.285721772849855782e+00,-1.991000091881341305e+00
5.275020515075883321e-01,-3.017049580632823469e-01
-6.646803651535528878e-01,4.835065548343955300e+00
-1.029656579235210589e+00,3.247394646366951854e+00
2.354044784683485325e+00,-1.802464981456578519e+00
-1.886144680277304975e+00,2.758034305809974551e+00
-9.118845741528713855e-01,-1.435341402039917558e+00
1.923008902034238909e+00,2.159017311651894866e-01
-7.137302092314687929e-01,-2.883584139749131303e+00
-1.368295330677580690e+00,-1.225643442182237752e+00
-1.049015017430732444e+00,1.053063586679854557e+00
1.212599110021728821e+00,-1.829399357223663536e+00
4.874664524352598227e-02,3.748299895308492280e-01
-9.936100966223866404e-01,4.871469880564635702e+00
-1.448812899679032817e-01,1.726514969187716186e+00
-5.626179281479120498e+00,4.435775039622716243e+00
-1.017555676521343244e+01,3.167433074169591301e+00
5.960308842035210830e+00,2.294536792054210128e+00
-4.845693486009926332e+00,-1.063203266611449038e+00
-2.488756137083688869e-01,1.674725610133992459e-01
4.633005357424898385e+00,-8.896567858688045893e-01
1.959222467591303640e-01,7.690214600085002461e-01
2.589529894796221754e+00,3.179640406119547791e+00
-4.200214270249676973e-01,-1.011281753413016959e+00
-3.304754932103720622e-03,-4.008716858388512994e-01
1.986276274511572293e+00,1.967219786317032648e-01
3.743561907532200195e-01,1.197371012535195955e+00
-1.027018445482843212e-01,-2.132969108653910706e-01
4.067531090870651900e-02,-1.491526165766573264e+00
-2.749346448746251337e+00,6.118901096148587904e-01
1.087483269892960402e-01,1.353898927645549310e+00
1.374538479495898580e+00,-1.855707518035838888e+00
-2.695726150553450218e+00,1.057973602418730952e+00
-1.561446789702007232e+00,2.559371186662599218e+00
-2.043298543161963909e+00,-2.563765329633933554e+00
1.639281889853614116e+00,-1.724231090945890221e+00
8.911762440952857744e+00,-2.478747442942625501e+00
-4.964231321887069726e+00,3.225478924596595576e+00
1.518193671967717595e+00,3.581576428269013235e-01
-2.444846235704181581e+00,2.661659353444376652e-01
-2.146569961029998197e+00,-1.247947607927968328e-01
-5.191950724974032649e-01,2.393226574688178676e+00
-2.024884731553301176e+00,-1.953415355604642967e-02
-9.366121207186522968e-01,-9.037664274105891016e-01
-3.335391220209896090e+00,9.247249792489824483e-01
-1.262129679986817798e+00,9.317626104760683425e-01
-8.423894647538601177e-01,1.335304486704715687e+00
-1.520185775191763566e+00,1.209901567513260279e+00
-2.966950949440634311e+00,-1.673558990029771210e-01
-2.217965391929694885e+00,3.509160349802342704e-02
-3.314019403130171959e+00,-1.927512840650804415e+00
-9.176550801087879350e-01,-3.195189117716042970e-01
4.164490794930968409e-01,-1.874818882353801175e-01
-2.428605510622117158e+00,-6.305533912258172169e-01
-1.918784981289452407e+00,6.801922337187145118e-01
-5.872792964360575851e-01,-2.456282191941947080e+00
-2.348040874484663476e+00,-2.000841546984744213e+01
-1.934882199869966346e+00,1.714439236728106941e+00
-8.345734678414783447e-01,-1.114999260880786602e+00
-1.438244121714075785e+00,-9.945360126978075588e-01
-1.630811469116851264e-01,-4.318376098585955392e-01
2.062488761841939078e-01,-6.027250937394408314e-01
4.769874732913744197e-01,1.457754371370482360e+00
1.500037338613852134e-01,1.719501526765030874e+00
-9.449556305817248258e-01,1.586573235671251414e-02
-2.290625249344319658e-01,6.090994469940337330e-01
-1.096194642456962631e+00,-3.122918407339492219e-02
-1.261058175700009665e+00,2.153004983892456536e+00
-3.666040986945754421e-01,8.131610287710567819e-01
-7.397076197849854484e-01,-3.063917220093433924e-01
4.574338890003893932e-01,4.806137004607329843e-01
-9.877203163383677098e-02,6.957931264144557870e-01
-1.543773742734868004e-01,-2.924758939581479922e-01
-3.833171045963728041e-01,1.403725079461326797e-01
-7.698185141587571279e-01,7.385307474680837814e-01
-6.129239071955268070e-01,3.917742522693380414e-01
