1.084973999999998551e+00,-0.000000000000000000e+00
-1.307319962762293786e+00,-7.551240175243409070e+00
-2.845452874004273935e-01,-5.870988656587217136e+00
-2.291919474562947867e-02,-4.690138428956345251e+00
1.051050138216218066e+00,-4.103232048679496202e+00
-1.193370941142236408e+00,-7.125883905651596351e+00
-1.710119887965616259e-01,-7.122072063405724407e+00
-4.643464484267755488e+00,-5.066878798156537300e+00
-1.912764963271354590e+00,-2.524306985746017418e+00
-5.097173882653145416e-01,6.216291824244052355e-01
-2.874748290498122749e+00,1.602332171251914072e+00
-5.871646095644934782e+00,4.159658255159071061e-02
-7.244783503243246159e-01,-1.844292590380736563e+00
-4.466812636679156512e+00,-2.976830631888992329e+00
-4.962312314260926449e+00,-2.081314757464088672e+00
-6.543014172098263970e+00,-2.583177229617860782e+00
-2.421923191826898858e+00,1.595267711786779286e+00
-1.045413019952554201e+01,4.814904419169405259e+00
-9.379971343116508820e+00,5.376444399035407606e+00
-2.352949425954803786e+01,-8.494889496300817910e+00
-1.366276063876879476e+01,-2.344284436279388828e+01
4.020848864720245786e+01,-3.907316842204095586e+00
5.095367509921570814e+01,6.516988019580811908e+01
1.113804020755900481e+01,-7.864842325315052562e+01
-1.442355633345758292e+01,1.180482572115833584e+01
-3.764577861010198312e+00,6.518353013000266483e-01
-4.023901058147702159e+00,-4.394392685122976872e+00
-1.102692673792586042e+01,-2.342215471418576556e+00
1.231531912321385924e+00,-2.282426292104701826e+00
-3.151351937242161672e+00,-3.912719745722792908e+00
-2.161845199555011643e+00,2.406846158573866745e+00
4.279858889892600438e+00,-4.605136571438226412e+00
4.513292423630174355e+00,-2.290093994048084447e+00
2.684207021741977339e+00,2.542441665683486285e+00
5.335215922808822953e+00,1.637795511227627232e+00
6.652530776809287616e+00,-1.433314522024033977e+00
3.788379534031043772e+00,1.489355272662984175e+00
-2.411508921807953953e+00,-4.975721924158600373e+00
5.869268231024561411e-01,-1.928674776858413820e+00
4.605801996785089614e+00,9.390334792328602909e-01
4.358497834867161913e+00,7.694047552492005337e+00
-9.524894196262046364e+00,9.326554738951838175e+00
-5.927015862469902530e+00,-1.179860975235781240e+01
2.084384582913527950e+01,-1.342110953266743678e+01
8.603254852745838566e-01,1.359135326622497697e+00
-2.590284647776431726e+01,-2.710462647615685938e+01
1.613050676194174304e+00,2.094895837494078705e+01
5.198564771101588988e+00,-6.904395345820184993e+00
-2.547670032272155716e+00,1.194056362185749176e+00
2.083559962779339525e+00,9.570149183683378524e-01
3.286489131087517279e+00,-1.763292314974264086e-01
-1.380974318915076271e+00,-2.859078905362883116e+00
3.246554481157795102e+00,4.585121903901313800e+00
9.731130755378438746e-01,-1.051905565675951060e+00
-5.701116839548425297e+00,-3.018013539130936174e+00
1.292432669118085631e+00,-4.716234990095991897e+00
1.195572978029110223e+00,2.688287366260778022e+00
6.767808837304705172e+00,-7.130287685221717631e+00
-3.101418074170237738e+00,9.558313598590018056e-01
-2.467015750648092975e+00,-4.552635679370716559e+00
-1.836413648102001472e+00,-3.759303288989505054e-01
-4.252351938751087523e+00,-1.954315840277166316e+00
3.465794548338213321e+00,3.235547121384520608e+00
-3.609686807451172541e+00,6.355165585768730807e+00
2.394083707973139852e+00,-6.265310456639774372e+00
9.043435685831827442e+00,-6.988469309988359690e+00
-7.492321341422310432e+00,5.038485861116729581e+00
-3.918379322020993261e+00,-2.118932939365893997e+00
8.781212089697815415e+00,1.075248557516614412e+01
-2.591058229672268176e+00,-5.963082666450661762e+00
-6.686711373045182150e-01,7.579940189616048762e+00
-9.904335813164623081e-01,-3.267423552437271894e+00
-7.932696162997695533e-01,1.418037373544573931e+00
-1.410855354378626192e-02,-1.520865677258620874e+00
5.540478303629817525e+00,4.743939622229133235e+00
-2.826017341430778096e+00,-2.563028396837678358e+00
-4.969530958542023313e-01,-3.668983234808754545e+00
-4.208947957095550141e-01,6.554137065883147706e+00
2.329777071108265041e+00,-2.206654145608925255e+00
3.274387942033241572e+00,-2.124076156062882692e+00
-8.265482282778691570e+00,-5.297276064597477685e+00
8.609840884698631847e-01,1.158826606087347333e+00
-1.882920083075663165e+00,-7.287511345565362841e-01
5.385098678574272713e-01,3.413382725230897918e+00
5.628907988408608176e+00,6.522070890601817439e+00
-3.736587536591900793e+00,-2.571528301923273752e-01
2.812308675231851129e+00,-1.035987561233011078e+01
-4.492327009998053455e+00,-1.305742473074428034e+00
-7.457120586820348507e+00,5.205592002289666453e+00
-1.151654475445484049e+00,-1.672423378929226434e+00
1.259074340994819963e+01,9.416651437444485850e+00
-2.098320947951791471e+00,-7.033284305484309940e+00
-4.669565243080870953e-01,1.192650263623916018e+01
4.716149155555038774e+00,-6.212757052602587038e+00
3.036886260201048238e+00,-2.193767739870099431e-01
1.714005453973549975e-01,-5.011700266835413586e+00
-1.114850844697851784e+00,4.572952041490767172e+00
-6.231606039321771817e+00,-4.333369198852766502e+00
-4.451099218236994615e-01,2.696019333412849051e+00
9.990960353810409700e-01,1.099483609077213986e+00
8.685882231953289789e+00,-7.105210630026519425e-01
3.098179241603929768e+00,2.521646640860160105e+00
-6.457715788997607120e+00,7.541345577624807284e-01
-3.664990212198509845e+00,8.475324204216665436e+00
-3.774300382580265012e+00,-7.301725533390465372e+00
3.032685445306468441e+00,1.765633405679486900e+00
6.182042799320553783e+00,2.044639979526949425e+00
-9.418850779028758780e+00,-4.254708672683594095e+00
-4.207969472137562228e+00,-4.296919245323434389e+00
2.426876430827568321e+00,1.288609943786982726e+01
5.142483085416024835e+00,6.546061053995470225e+00
6.977612362054344430e+00,-1.415154404778124686e+01
9.573070738104462407e+00,4.605716148834723356e+00
-1.262683436671608206e+01,-3.421043713595300240e+00
7.017864366154945799e+00,1.308382146620200537e+01
-3.279930106957189118e+00,-1.639727628127693038e+01
-2.099979288684952206e+00,2.394119398762636131e+00
-1.023407473213130858e+00,-8.346140113724203058e-01
-2.139771492489812132e+00,7.939629838245433113e+00
-1.509128180152845111e+00,2.153030016762516929e+00
5.149358878368959225e+00,3.215019054425049205e+00
-1.670731971081628409e+00,-7.355721595609485242e+00
2.438308726507284252e+00,-8.374511388803014711e+00
7.684440569403397703e+00,-3.663905089208459587e-01
-4.107280676556882781e+00,5.472704773482066187e+00
4.933304172960118805e+00,5.954777355047111698e+00
-6.977602062782150227e+00,-4.969370925973166209e+00
5.673504985094435682e+00,2.991083289150565871e+00
2.039831741598753245e-01,5.604736923921251446e+00
-4.155819250494690031e+00,5.131235428654052910e+00
4.473820853344462556e+00,-1.860249427591446736e+00
8.430936146058620295e+00,2.750042206528901634e+00
-5.172209621880933916e+00,-7.172938298260530310e+00
-2.941998314662896963e-01,-1.355933633680358952e+01
2.508022773248627324e+00,6.892770339405306146e+00
-5.476965495315304189e+00,-5.539789487139170632e-01
7.569033828024035238e+00,5.621138930720954718e+00
-8.966033792890900855e+00,-7.700846422646542955e+00
3.439148988345597235e+00,7.059359001590565619e+00
4.933444804072185441e+00,-1.387795418715130902e-01
3.448629264643517267e+00,5.872976613671445634e+00
3.666434105324156256e+00,-3.403686909248472503e+00
1.122729993188495978e+00,-6.333590338211497750e-01
-8.393912295470240537e+00,1.182663556621997847e-01
4.206163006197565224e-01,-3.100347411241968665e+00
2.077880567477917939e+00,1.925401319772133357e+00
-3.036760788514529352e+00,-1.722898996337036692e-01
5.457609806098228766e+00,1.508833371184163052e+00
-4.447220201326155475e+00,-3.367965790086707933e+00
7.531011588907492893e+00,-4.130229716078481772e-01
1.784080178741423106e+00,6.013663569952697463e-01
5.134523238502728404e+00,1.401528243043550281e+00
1.099603781736577357e+00,-5.716595752530336583e+00
7.704428152551852094e-01,-5.384160851287627114e-01
-8.168103262769996320e+00,1.787425526042261681e-01
-9.124683184338455710e-01,-7.137259659347759966e-01
-2.727933733619948287e-01,3.536318984478501015e+00
-1.680055707008984101e+00,1.704903511866223909e+00
