-3.788372999999993773e+00,-0.000000000000000000e+00
1.067907445010888301e+00,1.026002285359548738e+00
2.003199813969527732e+00,1.490638752814393286e-01
1.525806221665848339e+00,2.028920033204348328e-01
1.448796935155157506e+00,3.295264259142504648e-01
1.211660960481446114e+00,1.228366021685459275e+00
1.015945270693134228e+00,-3.059670292439300443e-01
1.517029070657545997e+00,5.023258714702794059e-01
2.634071802881857494e+00,1.331858472219853873e+00
2.941977126247381502e+00,3.362258085147131204e-01
2.831651662074218478e+00,1.169730349082066745e+00
3.693279254751732132e+00,1.800956066692887880e+00
4.302476219460353413e+00,9.634127139668636763e-01
3.278863705024426256e+00,1.302833655408920377e+00
2.340527766103063900e+00,3.989909847731043513e-01
2.104852451059334939e+00,3.741081156934983554e+00
1.885928367427145869e+00,1.043435881400702980e+00
2.685500767072724670e+00,-8.776005884275872582e-02
2.568932598528074873e+00,3.544966595331258130e+00
5.565212908037414863e+00,1.338227408713012823e+00
4.276444798388142843e+00,-9.571603294192016165e+00
7.981636501954225693e-02,-2.307826339332918586e+00
4.126361777127411479e+00,-4.233766537087995552e+00
8.320422357500280697e+00,1.549110536205872801e+00
4.191625181277995438e+00,-1.730797548669548824e+00
6.436403095157700704e+00,3.465618270554006841e+00
5.160576120769035491e+00,6.317589680042186018e-01
7.415016430453535534e+00,-2.534925829229016880e+00
5.342744958375386766e+00,-1.922785987051873535e+00
6.006020622931828257e+00,-1.012724045715362120e+00
5.196501266780551020e+00,-6.996875262928987649e-01
6.628429804987695739e+00,-7.530769798738019549e-01
1.099349234767053396e+01,-5.323942173445848525e+00
7.275477401717664883e+00,3.571824187252223837e-01
1.674463120741641831e+01,-1.803515768963551924e+00
1.152406583536493834e+01,-9.779117847653941986e-01
1.336290443948766615e+01,3.034460868584756277e+00
4.013439246440274388e+00,-9.347134553622163722e+00
3.662185802966246406e+00,1.086716433125133285e+01
2.491470329446788767e+01,-4.880068774172041657e+01
-6.653058901708567419e+01,1.271315356632837847e+02
-2.917870622758197996e+01,2.929252974605901017e+01
-5.111202902504549783e+00,-1.443426389500799489e+00
-1.369570163408129737e+01,-8.836964275903223864e+00
-3.204762464611444095e+00,2.892333474901077395e+00
-7.844304751705495349e-01,6.462789389672221496e+00
-6.767209752960279268e-01,7.913755635423966872e+00
-8.369008722901518649e-01,-1.523882268935691675e+00
1.022732786802142968e+00,-6.391381533417159311e+00
-2.908464048777168909e+00,1.166749185242823827e+01
1.255709494173509189e+00,8.161498941251085881e+00
-4.013381612681287791e+00,-3.094673861035775353e+00
-1.073580861379974039e+01,-6.641821316537622977e+00
-2.236561454117265146e+00,8.177201508752652614e+00
-4.317574774314155484e+00,6.394316315493356662e+00
6.042130120973705942e+00,9.208555876786141958e-01
-5.221914180648909998e+00,1.313028817561592287e+00
-7.169772368918893690e+00,-3.703852734624864418e+00
5.112122299724137342e+00,-2.981843150804911247e+00
1.601027947324875189e+00,-1.025318067016303836e+01
-4.436234865663661431e+00,1.391825343673654380e+01
-9.438128915681607722e+00,7.525325379233445133e+00
-2.735820852423771488e+00,-6.982138199096205256e+00
3.962522499188117386e+00,-5.230922309160026984e+00
-5.972878009947207856e-01,-4.791846316751352530e-01
6.048532849537000544e+00,-2.028218588755504470e+01
1.191198017812722121e+01,-6.063479296024341991e+00
1.632888329430880603e+01,6.576953195273738118e-01
5.152043692225705129e+00,7.938040072517305035e-01
3.784847819011164294e+00,2.483877146422294846e+00
-7.705424171251384458e+00,-1.466792900511660447e+00
-3.725206725501233329e+00,-2.174345583279946315e+00
-3.822805675069333553e+00,-2.478229275736156367e+00
-4.964888024720771398e+00,-8.609087165983595469e+00
-1.860650075670022385e+00,-1.170088843189094785e+00
-3.630808575325990883e+00,-1.852840252018260525e+00
8.367662841728378709e+00,8.892767474183852272e+00
4.715660019257048141e+00,3.090926200413159464e+00
-1.122936625861705373e+01,6.770183713389384295e+00
8.759270304887920133e+00,-1.100506609291167726e+00
-2.325624936790969599e+01,1.088837610600675099e+01
-2.076015202295387141e+01,-6.475621218333642126e+00
-3.292387133420290546e+00,-1.393036179749954862e+00
5.126303348083233402e+00,-2.104640823731371402e+00
-5.701640930029460819e+00,-6.303163221266028238e+00
-3.283715247712594820e+00,-9.687530072898896449e+00
-8.605479165690237409e-01,-9.606723769977209670e+00
2.348928496872567440e+00,2.661133083035188696e-01
4.255664213949879482e+00,5.542774350948228346e+00
-4.127805471459269349e+00,-3.939890779197052773e-02
-3.468489568356649233e+00,1.219925252252379355e+00
-3.019762269581962144e+00,-3.009552933320003287e+00
-4.507539180967947701e+00,1.344187586377736920e+01
2.312717787321648011e+00,-2.808024385780469867e+00
5.514933455083688152e+00,-5.374457772924478682e+00
5.708412464657090624e+00,-1.255028214266344122e+01
-6.388237476039524410e+00,9.117695618994630102e-01
1.273917149467868448e+01,-5.983443601243663146e-01
-5.316634212865788633e+00,-1.940386842146006208e+00
9.004410001552468401e+00,9.091261194366403231e+00
2.923029064110973962e+00,-1.255005942068964586e+01
1.808855050823247623e+01,-4.425776182115808588e+00
2.563083122415779069e+00,1.270522348096824405e+00
-5.012254185385063288e-01,2.562339401649515125e+00
2.697699647231347697e+00,1.055911367643237497e+01
-1.476761799788819829e+01,-1.968218590178081762e+00
3.084041159456504921e+00,-9.416773965600729213e+00
1.104988060439870878e+01,-2.026470710797444674e+00
7.440289722365522884e+00,4.188800178009172370e+00
1.550058168065448605e+01,1.718392740029996313e+00
-1.992959917841481410e+00,1.011917107928961279e+00
-8.226160201984294318e+00,1.832679198901191597e+01
-1.531157158817906883e+01,5.089577097657009830e+00
1.785687415425057267e+00,1.249796209745924003e+01
1.121631166529220280e+01,-9.072707753181630252e-02
-2.182590240634793233e+00,1.409330133022879217e+01
2.323456985883895243e+01,-2.655580465056164030e+01
-1.087646287083766516e+01,-2.635703677469970785e+01
2.885739918865402842e+01,3.559358662173474386e+01
-4.075971971655444293e+01,-5.062362219944257902e+01
1.365923585372798854e+01,4.187831315943902410e+01
4.031082180025251205e+00,9.188398045964407856e+01
2.400299091045582145e+00,3.197260417939808619e+01
-6.602471470112588747e+01,6.268720639187908006e+00
-4.340503673565025622e+01,-1.620245362127433353e+01
-1.767333281301099390e+01,-4.205164031202899277e-01
-6.357977170564810265e-01,-6.410058919032377567e+00
-1.006422034271415100e+01,1.625048505204940597e+01
-5.566093966791525460e+00,-1.348286380464929479e+01
-1.640683824321244044e+00,-8.309870454452177313e+00
-1.851664907158234996e+01,-6.940571863656753493e+00
-9.140633377963879980e+00,-2.173961286029797435e+00
-5.254899921247845995e+00,-8.088094310787454333e+00
3.541081786170030998e+00,-4.778938359480476628e+00
-1.263220704943448780e+01,-9.011248972650903966e+00
-1.028872207168378949e+01,8.014720987792589568e+00
-1.777180590244102909e+00,-1.581700959866697787e+01
-1.527576825286752538e+01,-2.616925411792315259e+01
3.959815931458922744e+00,-4.026560906082442770e+00
7.552310384289748768e-01,-9.177302359921444719e+00
-1.289198943215153825e+00,8.592543464840479928e+00
1.880821964794498147e+00,8.779311708149013072e+00
-3.405926126252352137e-01,-4.333043194141902532e+00
-2.311742157654375873e+01,-3.261296315077062857e+00
-8.358489534086187334e+00,3.596447978813937851e+00
-1.149749693616092472e+01,5.989789338169659416e+00
-6.164016728554873037e-01,7.559142493106405070e+00
2.049012902290006544e+00,9.320718055565725635e+00
5.462015410617470756e+00,9.406624686765967525e+00
4.994111807414531867e+00,-2.738127239016945325e-01
1.796587033744217576e+00,-4.682849059561766225e+00
8.069408483979174207e+00,-5.877953725939542018e+00
5.602413173566356264e+00,7.934771154237830970e+00
-7.545775520607247877e+00,-8.156194430126099348e+00
-2.236281043969362514e+01,2.955397833953684383e+00
1.188319706749074456e+01,-1.548723302894044096e+01
1.015470365696988431e+01,1.614148493780124127e+01
1.422895913771374587e+01,4.387509524310859632e+01
-1.974914309299664339e+01,-2.046050590794997603e+01
2.081285055110417304e+01,1.179238634701427912e+01
7.189526192388150605e+00,6.323525760055266787e+00
-1.378335106583392644e-01,-4.109263629103566728e+01
-1.590950857723297140e+01,-6.964847368590772803e+00
1.302253061135484202e+01,6.324306809777827887e+00
3.451106594047099918e+01,-5.187475562977056143e+00
2.641196979112799781e+01,7.775911260033749883e+00
-1.823480732982367769e+01,6.595795395886574042e+00
-4.199488554313702160e+00,-9.012782173607906344e+00
5.952611163453313203e+00,-6.479651415562551087e+00
1.211848406619587948e+01,-1.803242776828121841e+00
2.044551683094292471e+00,1.703951735524672273e+01
-6.016893261932338532e+00,6.479373655852644909e-01
-1.525573241153867166e+00,5.721359462507304983e-01
-7.356676020751003797e+00,-4.967265379188406271e+00
4.279121862182122982e+00,9.438998239594223350e+00
4.863737447162841399e+00,-5.028619252306770093e+00
-1.334421257753639445e+01,2.857477168369205955e+00
-7.878572756426487800e+00,-4.706929618424516626e+00
1.710790599700813819e-01,7.394751338984221212e-01
-7.197866647019914410e+00,5.804355025413815206e+00
-5.466048415528805826e-01,1.072064465082559037e+00
8.738528629782511103e+00,2.168169541788016463e+00
-1.270666000536382612e+01,-3.117889417494143167e+00
-1.978777840738284111e+00,2.016609132192687781e+01
-1.420858783313118678e+01,1.453979735004040208e+01
-1.288373406865439552e+00,3.853986006757534000e+00
3.685084808577977267e+00,-1.661441401545596719e+00
2.335570212832024151e+00,-2.311232061295426243e-01
4.303062381101615763e+00,-3.958704258000603993e+00
1.583671271032615735e+00,-6.598514159761690756e+00
9.742298838797553984e+00,-5.096781657777350816e+00
-9.632648266970536000e+00,2.801541562624412762e+01
-1.985197374890893940e+01,-7.952105156087635685e+00
-1.426513163089136782e+01,-2.574174463533864810e+00
2.780994362984949930e+01,1.136254324238974078e+01
-1.703517543871948092e+01,1.492346455155285767e+01
9.083044688409950496e+00,2.517324864574133514e+01
2.947236859662443464e+01,-5.536995889625449507e+01
2.898617763643578016e+01,4.388140116050912809e+01
1.500115470600740686e+00,-6.190491787588364048e+00
2.105132729556834192e+01,-2.350479427861237625e+01
-4.507493133862899981e+01,3.422199916334493963e+01
1.751433370004677137e+00,3.892512995756855787e+01
-1.701529439813759836e+01,4.370039783254137333e+00
-3.676648869715108248e+01,-3.479414871757450811e+01
-2.473099965213454965e+01,-3.663878499070865047e+01
1.179686072932664587e+01,-1.360148042701286464e+01
2.629929065541396938e+00,1.450462288735050720e+01
-3.269033904378400912e+00,1.099336761633772142e+00
-8.960783403928349600e+00,-5.450767954958918970e+00
-3.324933988728354883e+00,-8.433748210557284963e+00
4.932760305363633080e+00,4.257863330577812633e+00
-5.740239371525785117e+00,-4.991207775303920791e+00
2.476768446635242871e+00,2.556417245099013691e+00
-7.474341837631659491e-01,-5.529762582268979543e+00
-1.054414416448491920e+01,-4.891557644442150021e+00
1.400871382353253924e+00,6.953783272952964722e+00
1.324288474184504238e+00,-4.607928797807664623e+00
-6.215380008472774165e+00,-1.643918527615178427e+00
3.953535785935301305e+00,-6.025555768780917809e+00
1.531862285607121166e+01,1.277949380356568909e-01
-6.714187763178751212e+00,-1.078047575817557124e+01
3.652765357737826069e+00,7.188028049236393713e+00
1.040388518016985131e+01,-7.238799812834255221e+00
1.258991079049607009e+01,-8.453426000147704400e+00
9.068787793032422329e+00,-4.940952642941811135e+00
2.071072272050379581e+00,3.575640586002775567e+00
-6.616945311078389347e-01,5.391217944635684489e-01
-4.686445475686827677e+00,-4.096869660600237495e-01
1.517914912389589643e-01,1.765326005251875552e+00
-1.145775120918911760e+01,9.439632341509451408e+00
8.949045610571184639e+00,-5.690990741418815446e+00
9.518489959389279775e+00,1.437943216049617501e-01
1.885184795870166496e+01,1.450262695565866800e+01
-1.076981213244041236e+01,-3.877748029579382028e+00
6.898722689265246899e+00,-4.833130747371326308e+00
1.585116400917879531e+01,-2.602088782070501338e+01
-2.527575765682214026e+01,8.273388941372147087e+00
-4.709307109048314288e+00,-2.105864320206708484e+01
1.041761656117206947e+01,-7.830102289169406760e+00
-1.785619772512768577e+01,-8.038812882454076103e-01
2.746903386843673189e+01,4.492946154092374300e+00
1.282028315861734669e+01,-1.242815043373956385e+01
1.004761345159591457e+01,-2.595188163923190849e+00
-2.971824993084482003e-01,3.462046147013003150e+01
-1.678680072878734109e+00,2.897788300521727223e+01
-1.285040038648417493e+01,1.041787108409006635e+01
4.658558445667964953e+00,-1.466080309158059691e+01
9.099679719921201837e+00,-1.494344353613086707e+00
1.997615125805309200e+00,5.962421240491867280e+00
-3.434338781996862267e+00,1.054784608779332800e+01
1.184587874117589257e+00,-3.715835281271391288e+00
-2.566715076503457205e+00,9.708428710294277897e-01
-1.239353640453212169e+00,2.793894892119139217e-01
-5.928018850729598554e+00,-1.667956896753636009e+00
-3.186239953976234496e+00,7.551174878720326333e+00
3.626093923884957881e+00,-1.221432764618568978e+00
-5.097892786821859090e+00,-2.137602608051542674e+00
-1.701772244574207615e+00,5.246098614926649750e-01
-1.924841905619862237e+00,6.882650178904219374e+00
-7.625717270856712915e+00,-7.852353057304221728e+00
-5.979574988777405231e+00,4.495512488725695199e+00
2.666930541156085521e+00,3.440627829393029025e+00
-8.034789075332621877e+00,8.163101357410067482e-01
-5.801582193295552692e+00,-1.615179688254648749e+00
-1.062260891439035326e+01,1.455328782117209840e+00
-2.692675869145517709e+00,-1.668738138547483096e+00
2.394913337740807613e+00,-3.300556530340492678e+00
-2.983746788752130730e+00,3.233751553573292803e+00
1.156337596437473136e+00,7.127032889262652215e-01
1.138128450065856390e+00,3.066850901664363249e+00
-2.662929296403129698e+00,-1.398822367007574563e+00
-5.092742194112904741e+00,-2.994132048376492161e+00
-1.433670990452095229e+00,-5.344488916069982665e+00
2.814759323190888729e+00,-2.543452269310975566e+00
-1.839542072637255998e+00,3.081721452729341948e+00
-5.926239566965609384e+00,-2.454762743986882878e+00
1.268559758186110331e+00,2.519080850050829046e+00
2.513281424777516371e+00,-2.424708595189125848e+00
1.093277179075962668e-01,-2.307615701598611846e+00
-2.799740202355688545e+00,1.510038017288654721e+00
1.531570840615851803e-01,-5.433922876898021670e+00
-7.912568045061576516e-01,1.334237345778028327e+00
-1.717152811266950518e+00,-3.655826509461159279e+00
5.459320675557856717e+00,-2.595008545082925444e+00
4.821769649170968286e+00,-3.113752575937987821e+00
3.189607832716065516e+00,1.167110025518830030e+00
-6.376494682590367891e-01,2.732744247818394978e+00
-3.435133995014890473e+00,-3.748247307908720405e+00
1.884973678847083223e+00,-1.742939674429764052e+00
3.785719737101078231e+00,5.639665985493391709e-01
-4.049357586262966602e-01,-4.660391663807870177e-01
1.185657347941990514e+00,7.958808656701907847e-01
-2.507007512927192927e-01,7.367417009993492805e+00
1.616927308174662681e+00,4.254424644592051052e+00
4.881141408634390721e-01,3.903848347837791000e+00
-7.174072896311366465e-01,2.622798568710376088e+00
-8.630077386993076916e-01,9.410230378210455715e-01
-4.136447474208992947e-01,-9.973884221199297295e-01
4.208639135082846039e+00,2.608214774025517269e+00
-6.905793043018771948e-01,1.656768321787386311e+00
-1.740981011837729353e+00,4.236633705138680206e+00
2.273092382437658099e+00,-4.803547797224398952e-01
3.590413263849875580e+00,3.013320077043788459e-01
-1.298265065975688248e+00,-1.877704880328943782e+00
1.341746295350829676e+00,3.654042038441887019e+00
-1.038441726028349832e+00,3.050789372552938694e+00
-4.627724591213638661e+00,-6.077107564954653540e-01
-7.156008390942920627e-01,3.381288726519596111e+00
-9.771236909402269966e-02,-5.701676453617674944e+00
1.204193400884570941e+00,4.424733595424560129e+00
-1.131065310510651623e+00,-8.077589167104649581e-01
-5.178419821033363846e+00,3.674684256644798808e+00
3.672414506951721780e+00,1.895783219120306118e+00
-2.632014311028749276e+00,1.328848873930555730e+00
-1.591466698340838537e+00,1.944475092855536769e+00
-5.421506745278747985e-03,-4.118621110999423962e+00
2.463614557581327968e+00,2.223633631254610332e+00
-5.397453181167670699e+00,2.157544835520341486e+00
1.259189609861506076e+00,-4.712849646762960809e+00
-2.819737606565514199e+00,6.036540506054846045e-01
-1.136779350150804779e+00,1.048707855148002521e-01
7.240968968708706655e+00,-3.354284322638827032e+00
2.060546948357393049e+00,-2.533992592372760644e+00
-2.985321968979757656e+00,1.957143096978519292e+00
4.089547433269520305e+00,6.852684714796838605e+00
-1.731685936634252965e-01,8.335222246577222549e+00
-4.437317186402208513e+00,2.077732717900580006e-01
-3.146810587471495779e+00,3.972976584505062636e+00
-3.862807941713657378e+00,-7.856191112637167517e-01
1.461498323898569041e+00,2.109467882557598095e+00
-2.724204446165016669e-01,-9.010558597790213620e-02
-3.693393305786647929e+00,1.500071633230954049e+00
1.340215991835057574e+00,4.546537060581156142e-01
-6.193543484326099469e-01,-1.128022338358663168e+00
1.884015648955120303e+00,1.036581158874541941e+00
4.213689397713255680e+00,1.883849179015931075e+00
1.531665723567659620e+00,-1.757118424367012377e-01
-4.728675083816927582e+00,4.675979120457608218e+00
6.113124246255347005e-01,-1.091635386157592702e+00
-1.874643482530069072e+00,-3.024077186491616054e+00
5.051388839410528853e-01,2.078735333855301348e-01
4.739921708804976097e-01,-9.809999830947735422e-01
5.681916738493786312e-02,-3.115077493589068602e+00
-3.672372622091012673e+00,-8.078415851364310063e-01
-1.152874859366240123e+00,1.694492193895164256e+00
-1.207204059752029712e+00,2.567147786278516364e+00
-2.085375606675601734e+00,5.720280816512557376e-01
9.334155506095684895e-01,-1.946587047315617713e+00
-2.283866166455862157e+00,3.577541391899435652e+00
2.315474363058653839e+00,-1.568789286242558978e+00
8.478696726036923925e-01,-2.370308929134366860e+00
4.235236345536057989e+00,2.399613405301029179e+00
-1.529888968450197950e+00,-1.682773139993580580e+00
-2.824218855543823903e+00,-1.277607170789194502e+00
1.457694082345832864e+00,-2.242585336954433739e+00
-4.735969942464524074e-01,2.686628608182475730e+00
-1.069792836745017572e+00,6.184065150493460727e-01
4.548475146157960225e+00,1.227664971862336696e-01
-3.403934191239289753e+00,8.625640092047872631e-01
1.505839555631814264e+00,9.275857112909313695e-01
1.401282563789068014e+00,2.722305206887212226e+00
-5.118361915128246231e+00,-2.782255942458030873e+00
-4.311187560645487693e+00,-3.155482668125451085e-01
2.042289605132321384e+00,1.616302452081658902e+00
1.088439697523562844e+00,-3.957118062675043291e+00
4.596047026933904434e+00,-5.762659788765220448e+00
2.100667216836133555e+00,2.136939149925074499e+00
3.544823763995773369e+00,1.437959411140919519e+00
7.646265967312514400e-01,4.908307269924033100e+00
4.565974768264313144e-01,-1.029773701433471578e+00
-3.457772679417641104e-01,-9.875991723747372664e-01
1.543380158463342422e+00,2.517497858117611620e-01
3.134151317912499679e-01,1.010933791572384610e+00
2.638598175695915371e-01,2.163279679874645200e+00
-7.151204381532485499e-01,-4.642732068822962299e-01
1.362567924226772975e-01,-1.878603228047175389e+00
-1.861853342006255074e+00,-2.540795232620601807e-02
2.307274093134904724e+00,2.271443791226851250e+00
-8.498130053249001170e-01,-1.052413957803237654e-01
-1.979159727718269757e+00,1.643054342323213790e+00
5.502579665571937229e-01,1.085128417541179058e+00
-2.172845927699881940e+00,8.121466333204451216e-01
-2.199568545861955826e+00,1.634988381299418148e+00
-9.125459222692351435e-01,3.930199472297633445e+00
6.064027310903955525e-01,2.927050734555616471e-02
1.008438575297426976e+00,-8.670875507244406588e-01
6.300887559503344226e-01,1.405870891739788853e+00
-2.298919860680061156e+00,1.441555181993715351e+00
1.230477405067314178e+00,1.148715838847895077e+00
-3.917857421387217487e-01,-1.711214002953064250e+00
-2.105152505608530955e+00,-3.249739098167223061e-01
-7.271066700115258463e-02,-1.662365086939232572e+00
-7.383552269462316797e-01,-4.114416200599091411e-02
1.674851243790903554e-01,2.748664050889300547e+00
-3.218203341131476769e+00,1.918975247172378662e-01
-6.519973517896369142e-01,-6.484787380732242035e-01
1.836410610600525684e-01,4.487653464727783259e-01
