-1.286158999999999164e+00,-0.000000000000000000e+00
2.245971241359963622e-01,2.968267909810382577e-01
5.296851175692345315e-01,-1.324079162236301357e-03
4.388356745467348330e-01,1.987650113625710757e-02
4.092630153818445637e-01,1.015934649890192221e-01
4.085989534812479174e-01,4.137802866507785393e-01
2.912044985490677140e-01,-6.135711764217031960e-02
3.300397373438650472e-01,2.242180919341076051e-01
7.527820802656290944e-01,4.368013642827833221e-01
8.607224481023504348e-01,1.008937297153811030e-01
8.229854936641969321e-01,3.362287917413763205e-01
1.119880382139220032e+00,5.757633740720753401e-01
1.330858555533797061e+00,3.105913283560733928e-01
9.689430372326931495e-01,5.095976169890392704e-01
7.087665918249859143e-01,1.388793902705678374e-01
6.107370065607035103e-01,1.240116563287555929e+00
5.522366104751075255e-01,3.480506685628634300e-01
8.147502905344738977e-01,2.547867356405425499e-02
7.548450695401509591e-01,1.065602147422380686e+00
1.737583423579125430e+00,3.298883573571182448e-01
1.341635530715363567e+00,-3.248203957969367561e+00
-7.310038218481769434e-02,-7.805976626888029291e-01
1.237695871465808617e+00,-1.470338528805297473e+00
2.712989438358676786e+00,5.350541904473351540e-01
1.266486036888274658e+00,-5.815614958423187542e-01
2.050457316206261815e+00,1.224049908038795209e+00
1.682372173316394770e+00,1.686453123284119560e-01
2.346183767651289998e+00,-7.917718175568856376e-01
1.643230008993663560e+00,-6.625207813741131879e-01
1.929113761263906657e+00,-3.707373537386332574e-01
1.661359299871321360e+00,-2.888345234724726263e-01
2.166705430822822631e+00,-2.539039404481147066e-01
3.648250747275793238e+00,-1.792797838968962720e+00
2.282159281183069321e+00,1.456204545571341269e-01
5.469632288613095028e+00,-5.720216156045873079e-01
3.734986818839696188e+00,-3.024009169468239722e-01
4.376686586211150143e+00,1.008537582932788057e+00
1.259858466507454144e+00,-3.090914242037186899e+00
1.111121758299148166e+00,3.618409733683022989e+00
8.272919119735743010e+00,-1.625690563387769316e+01
-2.229181119421281920e+01,4.229491391065806738e+01
-9.733726361962986573e+00,9.804037078019078422e+00
-1.702227921516251241e+00,-4.275840825799064326e-01
-4.698409788796767295e+00,-2.885993851026508850e+00
-1.187835403125066858e+00,9.389134647335470873e-01
-3.671293204874016558e-01,2.131439527572541515e+00
-4.445335756970163477e-01,2.544526456304421647e+00
-3.556834504260454333e-01,-4.927352662006933004e-01
2.230248834454552354e-01,-2.165665406898361400e+00
-1.048404309925272893e+00,3.920553838384774892e+00
3.049219320159781699e-01,2.745427702725281804e+00
-1.415055201634193294e+00,-1.069916909327596644e+00
-3.651024704388797559e+00,-2.104560085441483430e+00
-8.870885208882904882e-01,2.691092049595799729e+00
-1.496394444561695680e+00,2.043438681625190600e+00
1.865410616182808123e+00,2.508503421223322594e-01
-1.743305082333630462e+00,4.489443830440189021e-01
-2.455661892924826173e+00,-1.317265294514407659e+00
1.624766446638830519e+00,-9.757111358627676978e-01
4.373157703971918275e-01,-3.397168932138597164e+00
-1.591353541288294204e+00,4.563147817171102183e+00
-3.260299324343485683e+00,2.445948614451920911e+00
-9.581542970912906299e-01,-2.281526713725163358e+00
1.190069572185613156e+00,-1.761875915874070442e+00
-2.750418573770434527e-01,-2.128899837507546300e-01
2.032722372964334667e+00,-6.805724539867329170e+00
3.832933240787164131e+00,-2.089218726312652485e+00
5.382900179302692933e+00,1.651273351067672479e-01
1.676043837470539977e+00,3.251896620600908117e-01
1.139311670951130617e+00,8.683286922745072633e-01
-2.637580134935203269e+00,-4.346927591135179014e-01
-1.380159940086294723e+00,-6.678311419171040209e-01
-1.459746801038402930e+00,-8.135677788232745788e-01
-1.723076774819807033e+00,-2.806838748417307183e+00
-7.556855978438175026e-01,-3.572786520752400663e-01
-1.322306483658255871e+00,-7.805210512019504776e-01
2.733764733070913167e+00,2.967208004844192892e+00
1.504907738818212604e+00,9.245731192615428418e-01
-3.868254169013712662e+00,2.374522074124227444e+00
2.841212810822551837e+00,-3.992573357847797322e-01
-7.803510576392533871e+00,3.670409564801495605e+00
-7.101943390005518886e+00,-2.197913647050862007e+00
-1.263325386527641259e+00,-5.265761217028297470e-01
1.671973761602520980e+00,-8.063200334784955681e-01
-2.028330491213569342e+00,-2.119651193435919900e+00
-1.147967244251010488e+00,-3.264488816635127133e+00
-4.073506169513592123e-01,-3.177835969458672416e+00
7.353108465933185789e-01,8.277307615641775473e-02
1.231675491413707357e+00,1.837416082635339842e+00
-1.507445532451084702e+00,-5.334878314685481682e-02
-1.309551551383328905e+00,3.848542658649642956e-01
-1.112296303760534455e+00,-1.024369086778808446e+00
-1.664597284726885951e+00,4.321888980649478462e+00
7.857467692397011039e-01,-8.842274289179088420e-01
1.712176646368468447e+00,-1.817819825812909240e+00
1.833122927866539964e+00,-4.164857180894053990e+00
-2.197881431944639363e+00,2.557323131409177108e-01
4.165508055226108119e+00,-2.197884231457800652e-01
-1.820915758258515593e+00,-6.639672576680968330e-01
2.972044744754554824e+00,2.975900045817136963e+00
9.285179480203801239e-01,-4.156023091490139265e+00
5.888856557229582123e+00,-1.518410903800239797e+00
6.933188396279436061e-01,3.606047923086765361e-01
-2.290719530903356782e-01,7.668150937779756315e-01
7.488427865670908012e-01,3.566952176312853773e+00
-4.984708739241199282e+00,-6.774280344367649143e-01
9.341241566162681309e-01,-3.109216000688185932e+00
3.554588947266653420e+00,-6.164490702931584298e-01
2.311232281307685099e+00,1.332279511706161212e+00
5.087670167103975238e+00,5.498722056149732973e-01
-7.593119353357989931e-01,2.527957380264396758e-01
-2.751476801937946526e+00,6.197538474824042076e+00
-5.160294604242283256e+00,1.708821873585764317e+00
5.692313568262260537e-01,4.068610621812892347e+00
3.657886118977121903e+00,-7.408529121767770675e-02
-9.147358339421236550e-01,4.812055060811051277e+00
7.662530709429780984e+00,-8.882330870247493237e+00
-3.895695514118097336e+00,-8.818003334776257418e+00
9.510922698991084445e+00,1.175869727013938082e+01
-1.363521421318704796e+01,-1.694381490640448007e+01
4.482989527753865389e+00,1.385919239443923345e+01
1.249030984807074418e+00,3.063194918778699360e+01
7.434124120601426355e-01,1.061938603064337094e+01
-2.202281853581722615e+01,2.058295334977947366e+00
-1.456400825304182334e+01,-5.376732072403423324e+00
-6.060352767831805210e+00,-1.009636164316116691e-01
-3.720993768866693308e-01,-2.048591917873238355e+00
-3.497814080989458674e+00,5.285371619275441191e+00
-1.922344999154576017e+00,-4.542771415171846350e+00
-5.918419684082943943e-01,-2.897009744801269271e+00
-6.266421892403341687e+00,-2.282619035347130509e+00
-3.136700859352226978e+00,-7.707929345783373076e-01
-1.852544932822980828e+00,-2.640138033674149121e+00
1.119224220169042106e+00,-1.689900598390026820e+00
-4.394503169710510804e+00,-3.081679560745926416e+00
-3.516951066221795763e+00,2.634376793580086140e+00
-6.892927682489315977e-01,-5.313528084843500032e+00
-5.159512030784576098e+00,-8.769089636481670169e+00
1.206069329091363329e+00,-1.343093930142001291e+00
2.254175528052715372e-01,-3.062630483352611677e+00
-4.681201750146161134e-01,2.785408391197560452e+00
4.301346463331776615e-01,2.992056430805244194e+00
-1.716868815071361798e-01,-1.414255333239585077e+00
-7.901371594002952747e+00,-1.087658516775009687e+00
-2.869216393924639785e+00,1.161165050374818541e+00
-3.900929794922285865e+00,1.857430366952071088e+00
-2.385882078118437555e-01,2.549405911408308523e+00
6.223894284334705596e-01,3.100575740367678357e+00
1.736232622692238436e+00,3.063572487315556536e+00
1.521102248117314870e+00,-8.513834878959258834e-02
4.248314505222449133e-01,-1.595752837876255104e+00
2.642271850902983221e+00,-2.061073944209623754e+00
1.696543168190749684e+00,2.636416241273643823e+00
-2.620048884267003775e+00,-2.715675721669637888e+00
-7.468576997108971938e+00,9.945455740996114180e-01
3.973551532891455906e+00,-5.119523926912602718e+00
3.301270845240175333e+00,5.208068196438071951e+00
4.629263558821959279e+00,1.468111777982493926e+01
-6.712567115978442800e+00,-6.744027584241601758e+00
6.685361952070638658e+00,3.930614169579833117e+00
2.270715578405855251e+00,1.976849102142388848e+00
-1.460129600354689305e-01,-1.381871825358086525e+01
-5.353368197756178226e+00,-2.328642619756415399e+00
4.132652228947110373e+00,2.024344528674939081e+00
1.139251952543924773e+01,-1.829886207424769928e+00
8.724808232594444490e+00,2.511383062100801755e+00
-6.054124172798346137e+00,2.240725329741786176e+00
-1.497761412570869810e+00,-3.035572467726433299e+00
1.864834106656904522e+00,-2.163862372801492295e+00
3.878615342720626025e+00,-5.706419395580553111e-01
5.827594374754143658e-01,5.668039883321981165e+00
-2.112251314092381094e+00,1.263897954554067393e-01
-6.689544112897206629e-01,2.673945066697063222e-01
-2.616298019440318257e+00,-1.775421019954370960e+00
1.269441952485524494e+00,3.251577124662644813e+00
1.620793418999527891e+00,-1.773017821546008177e+00
-4.616826741218337915e+00,9.150733963887442979e-01
-2.769154780665561866e+00,-1.704721497808258768e+00
-1.398651901964920174e-03,2.609726304110551176e-01
-2.523072611075848570e+00,1.895005937123433348e+00
-2.646832660948966742e-01,3.034812624335314624e-01
2.885634447871777031e+00,7.482314273241726932e-01
-4.271342694637773718e+00,-1.040605555507550406e+00
-8.683244604690654178e-01,6.774138852282852064e+00
-4.797701083993792359e+00,4.823876103637275037e+00
-6.679422857298866756e-01,1.254150608965755254e+00
1.221236720461535752e+00,-7.615010665990624705e-01
7.159729875032843083e-01,-1.186581964599457972e-01
1.309402580214001466e+00,-1.334623724401129197e+00
3.604252278538436771e-01,-2.160628623855763930e+00
3.195536090857776124e+00,-1.743130984974552877e+00
-3.374371621516067954e+00,9.110035556714382921e+00
-6.612417622025223096e+00,-2.731647036746156498e+00
-4.749669325428859779e+00,-7.638916714221610782e-01
9.096819577771068310e+00,3.755553438043181202e+00
-5.735767246452230239e+00,4.836012650730738827e+00
2.851170806646552869e+00,8.258863854488851075e+00
9.928911630819570178e+00,-1.842705370210090621e+01
9.555499451586126014e+00,1.461259317398712909e+01
4.089413632564815604e-01,-2.202305392609019030e+00
6.747649475330908864e+00,-7.922255389750195498e+00
-1.512374887563642112e+01,1.137467637652204289e+01
5.309702891701020278e-01,1.284262952304752226e+01
-5.697965167604164272e+00,1.378935434527498671e+00
-1.237752527636426336e+01,-1.155874752005265194e+01
-8.487548974593972062e+00,-1.212463631368419570e+01
3.885377913675198691e+00,-4.540485342580460326e+00
8.846587742585227954e-01,4.755640263484240293e+00
-1.253735965379349171e+00,2.849919917725098895e-01
-3.184846454953444983e+00,-1.705303972544443880e+00
-1.171566955578292824e+00,-2.797855771908960953e+00
1.448964940038719229e+00,1.300510191269792948e+00
-1.735435119938781190e+00,-1.828923334548956392e+00
7.598512200260519878e-01,7.761383772814715032e-01
-3.096009423777457137e-01,-1.846558514169591936e+00
-3.634233429091926482e+00,-1.767195268724935708e+00
3.712460557303206010e-01,2.279803595685593098e+00
4.692986868749772777e-01,-1.526774270743715967e+00
-2.197123977743049128e+00,-5.711894122420707598e-01
1.198607642145953056e+00,-2.038951363718023657e+00
4.840437475127076894e+00,1.660241197412970493e-02
-2.206248581877361836e+00,-3.721628621969268469e+00
1.039884110548122909e+00,2.227822756855562414e+00
3.532467946981851625e+00,-2.374701918804442258e+00
3.974265781315982071e+00,-2.866891529582801912e+00
2.975616269130717750e+00,-1.680581767203754406e+00
5.744400863887118014e-01,1.101542793281361954e+00
-2.667381972066300566e-01,-7.200983428769885952e-02
-1.613957851346280670e+00,-3.324524884135976466e-01
-2.837826221809497396e-02,6.733990374618324948e-01
-3.747025775840246542e+00,3.080725420003681769e+00
2.677751937479749156e+00,-1.715543153903007045e+00
2.878925127392209404e+00,-7.388058077013306968e-02
5.944449044805136140e+00,4.641849368396629316e+00
-3.667251732572132106e+00,-1.309061120404109380e+00
2.278678970949735927e+00,-1.902959797468783743e+00
5.094431573240613353e+00,-8.645805609043646811e+00
-8.431090052916069055e+00,2.593591133384940406e+00
-1.405859226246084059e+00,-7.236756440218782949e+00
3.255875934678518657e+00,-2.352173180627080473e+00
-6.072821901154660473e+00,-1.570301039436050594e-01
9.035578047075725650e+00,1.485820895691627674e+00
3.981009926715841196e+00,-4.458444703165174161e+00
3.223790287624376028e+00,-8.824728493456019951e-01
-1.500693034526223713e-01,1.145012279671250255e+01
-4.079192784380500925e-01,9.664863587820168078e+00
-4.312879697082036223e+00,3.536179322036269390e+00
1.392924312498081907e+00,-5.045949075947961049e+00
2.739757534025370589e+00,-4.482298175126543383e-01
7.900688489166698414e-01,2.108295127698939009e+00
-9.970871287157971885e-01,3.438322801531956685e+00
2.596375572946607591e-01,-1.116260694780916163e+00
-1.062603392015056381e+00,1.803590614266925019e-01
-7.210009475113630106e-01,2.001079072278333926e-01
-1.794891645395297886e+00,-5.137691377011182059e-01
-1.139104151283769628e+00,2.408226013219847861e+00
1.158848612195617189e+00,-2.859251166361222452e-01
-1.822646932516115648e+00,-9.229959709217038233e-01
-6.937696598102067735e-01,-2.611528276404954246e-02
-7.351308634575276502e-01,2.184537079962438622e+00
-2.428266166276464855e+00,-2.467987135880178595e+00
-2.181038904861164696e+00,1.273412174470107017e+00
6.950465856577259238e-01,1.221955073271601577e+00
-2.670060878443254904e+00,1.531551197187930313e-01
-2.179140231409435913e+00,-5.888155655987017401e-01
-3.636758156737805781e+00,5.840800092520267439e-01
-1.089346458486138314e+00,-6.399631399436276347e-01
5.359023485610745485e-01,-1.267401141549375110e+00
-1.367300676599838560e+00,9.636692146309129292e-01
5.347261465311052842e-01,2.117011456363930288e-01
2.634866192512718142e-01,8.050614748469423487e-01
-5.533958047079974296e-01,-4.786969675190699269e-01
-2.031147344589387504e+00,-9.843066648197084101e-01
-5.636164573397616229e-01,-1.516903157274364977e+00
1.040422239532530657e+00,-7.909683127650100065e-01
-9.540790354747281654e-01,7.761699832515448483e-01
-2.122060242011761133e+00,-8.484999095637335564e-01
1.536319022290297820e-01,1.011224385793138891e+00
6.365413526204826145e-01,-9.766954242404890518e-01
4.138274446634510051e-02,-1.040528954227312175e+00
-9.283215389070222923e-01,2.668753271861243337e-01
1.281871225692590710e-01,-1.855970789051053504e+00
-3.010906188348765888e-01,7.208233812156176201e-01
-6.697390068512791839e-01,-1.438545113523575392e+00
1.700956023585721066e+00,-9.862853696354694222e-01
1.495343789244548693e+00,-1.335628469571921828e+00
9.652939872043305725e-01,1.440867492832790808e-01
-2.234625956407566560e-01,8.945462812809972242e-01
-1.082517397336817622e+00,-9.112505439947909958e-01
7.097815385197355775e-01,-7.046347854512116093e-01
8.733983355150271022e-01,-1.211826134673530675e-01
-9.699903354441399839e-02,-1.932056020033161570e-01
2.097974824300400665e-01,4.700651605732176219e-01
2.892844322424881209e-01,2.414458012404920417e+00
8.115133443194475493e-01,9.648119043005298767e-01
6.759897070807524555e-02,1.046754273390454681e+00
-1.730534204432889467e-01,9.133411679125296168e-01
-4.006038158033821128e-01,-2.202926055898457580e-02
-4.668701256035026059e-01,-7.599713660881138311e-02
1.063722829572849804e+00,1.024346208384896650e+00
-2.738550487108875470e-02,2.888128134012353798e-01
-8.855540223354804175e-01,1.444929460760456141e+00
8.467509218185294007e-01,3.686407864790880451e-03
1.015835241672628397e+00,1.309584017293092262e-01
-6.107413404938847323e-01,-3.853370576613251997e-01
6.224794872341579133e-01,1.047629937553751445e+00
-1.966653137288270070e-01,9.686693899008589348e-01
-1.739478662323753477e+00,2.972569995069092030e-01
-4.206782484474353989e-01,1.559794639499009872e+00
-1.879781595118931170e-01,-2.210511676014406568e+00
1.058780485186566478e-01,1.313688139658299336e+00
-7.426434477688637070e-01,-8.766696882780636857e-01
-1.862841913362300872e+00,1.547657977711541122e+00
1.357579694715803420e+00,4.256772811228768938e-01
-7.779764302454881264e-01,-1.200449386372354210e-02
-5.707740355696762080e-01,5.301577710827923839e-01
-2.189735208951789636e-01,-1.425727090321428747e+00
1.197923549113083963e+00,8.337159229578250397e-01
-2.073411352991539669e+00,7.147339793696153576e-01
1.738705687913245646e-01,-1.711858112552819167e+00
-8.714365856785504239e-01,3.100630109208565299e-01
-6.175877692645300732e-01,4.745576978967586124e-02
2.324349437848360900e+00,-1.468724247538210292e+00
2.280170367691632116e-01,-1.054737226991411925e+00
-1.349109883671952392e+00,8.731484650596917918e-01
1.101722813166256421e+00,2.127568023487488968e+00
7.736151979917527122e-02,2.679635876236035053e+00
-1.590025922556773441e+00,-1.006431869576940308e-03
-9.856739997744923265e-01,1.208768743857941308e+00
-1.287314255623892345e+00,-6.131564334586552256e-01
4.079244785284019681e-01,9.824178834048327147e-01
-1.808584308392190976e-01,-3.375693301982880534e-01
-1.233340831891236222e+00,4.050460009023688634e-01
2.503989075476995563e-01,2.609791390986945236e-01
-7.988096835799822770e-01,-4.521404926547380465e-01
1.681194443360272128e-01,3.083822792253128053e-01
1.401762664540026737e+00,3.726969813893643568e-03
5.849923121026665562e-01,6.497190005179644123e-02
-1.667412631665695200e+00,1.418431822543311460e+00
2.451158570660371960e-01,-1.449706168471772694e-01
-7.508292174725302859e-01,-1.169866568239810833e+00
5.459376901761257839e-02,9.083691403357865846e-02
-3.852670902071581027e-02,-6.054173500160884291e-01
-4.543630598989893965e-01,-1.079788437687543956e+00
-8.766841742284391392e-01,-6.822079191793360975e-01
-2.502068898962855337e-01,2.034598499415367356e-01
-6.143375440660350240e-01,4.626348643487848689e-01
-5.189642011276143219e-01,-2.904425160717286070e-02
2.675973916913082506e-01,-5.650336877480650610e-01
-8.640963928644893599e-01,9.515594946887035999e-01
5.741961169616703886e-01,-6.840794867711252891e-01
4.894365182745252785e-02,-6.056388573878391801e-01
1.478270890453194930e+00,4.713995582230202652e-01
-7.427556848117886634e-01,-3.524484001508999542e-01
-9.676139954183091696e-01,-3.440061556681380806e-01
2.655658487753128072e-01,-9.479692546911646645e-01
-6.709706192245058487e-01,1.021945088755918274e+00
-3.079420282910962925e-01,-3.989448566080329162e-01
1.589520988712858074e+00,9.004957870269492126e-02
-1.846193526093072634e+00,3.210031246312733400e-01
3.414281662319978428e-01,-1.084136160595177423e-01
4.046595351870650448e-01,2.940677574335914257e-01
-1.497916818556917828e+00,-1.254255712023638392e+00
-1.417290119001748394e+00,3.904108583004655131e-01
6.822328013100024124e-01,4.602488074374451177e-01
1.743565899597142588e-01,-1.138561391215978214e+00
1.319744866102960046e+00,-2.437536418448940090e+00
2.918688893982946397e-01,6.810525630292605381e-01
1.244326788179990873e+00,5.194452956537585209e-01
5.235045360129877423e-01,1.033105534831455063e+00
2.502931971337221673e-01,-2.448539099840510436e-01
-5.179701428048965051e-01,-4.971232091231051475e-01
3.712251957259259938e-01,1.969143744452996336e-01
5.849370832783200580e-01,1.171933975855643101e-01
2.841159748007933139e-01,3.298253371884243834e-01
-7.980469856610691859e-02,-2.379439334264755179e-01
-4.691430968770386456e-01,-4.005494311679842490e-01
-7.991614215844297098e-01,-5.973885018998710272e-01
6.385846740121187137e-01,5.634920704271489944e-01
1.686291442115119277e-01,4.308060081806508457e-02
-9.055079893674220504e-01,1.743814988822187106e-01
-3.471013727345613198e-01,2.415065827125481568e-01
-7.961017541744245252e-01,2.178720649956176758e-01
-2.792152401029592279e-01,8.486991528657467088e-01
-4.960615819128791903e-01,1.328991041654818961e+00
-5.326808385596990547e-01,-7.743075126616658088e-02
-1.214235233830749244e-01,-4.883200889823081092e-01
-1.838601187140078141e-01,3.521455215110629866e-01
4.022600921490268600e-02,5.132272141259428544e-01
8.754956962984503099e-02,6.672537336612582859e-01
-2.333009017570802923e-01,-3.406145336936566848e-01
-1.429084035623119586e+00,1.085561934488354918e-02
-7.099559970154522004e-01,-2.504129447314222268e-01
-1.136334595008083870e-01,2.279330714660380286e-01
-7.312688321268898117e-02,9.401280010551898991e-02
-1.240289876881033093e+00,-6.043540231608135471e-01
1.846341710900407662e-01,5.652907530215941501e-01
-5.151122979902325039e-01,2.709288822515559803e-02
-1.969569241415741190e-01,-1.117034212285108907e+00
-1.969569241415741190e-01,1.117034212285108907e+00
-5.151122979902325039e-01,-2.709288822515559803e-02
1.846341710900407662e-01,-5.652907530215941501e-01
-1.240289876881033093e+00,6.043540231608135471e-01
-7.312688321268898117e-02,-9.401280010551898991e-02
-1.136334595008083870e-01,-2.279330714660380286e-01
-7.099559970154522004e-01,2.504129447314222268e-01
-1.429084035623119586e+00,-1.085561934488354918e-02
-2.333009017570802923e-01,3.406145336936566848e-01
8.754956962984503099e-02,-6.672537336612582859e-01
4.022600921490268600e-02,-5.132272141259428544e-01
-1.838601187140078141e-01,-3.521455215110629866e-01
-1.214235233830749244e-01,4.883200889823081092e-01
-5.326808385596990547e-01,7.743075126616658088e-02
-4.960615819128791903e-01,-1.328991041654818961e+00
-2.792152401029592279e-01,-8.486991528657467088e-01
-7.961017541744245252e-01,-2.178720649956176758e-01
-3.471013727345613198e-01,-2.415065827125481568e-01
-9.055079893674220504e-01,-1.743814988822187106e-01
1.686291442115119277e-01,-4.308060081806508457e-02
6.385846740121187137e-01,-5.634920704271489944e-01
-7.991614215844297098e-01,5.973885018998710272e-01
-4.691430968770386456e-01,4.005494311679842490e-01
-7.980469856610691859e-02,2.379439334264755179e-01
2.841159748007933139e-01,-3.298253371884243834e-01
5.849370832783200580e-01,-1.171933975855643101e-01
3.712251957259259938e-01,-1.969143744452996336e-01
-5.179701428048965051e-01,4.971232091231051475e-01
2.502931971337221673e-01,2.448539099840510436e-01
5.235045360129877423e-01,-1.033105534831455063e+00
1.244326788179990873e+00,-5.194452956537585209e-01
2.918688893982946397e-01,-6.810525630292605381e-01
1.319744866102960046e+00,2.437536418448940090e+00
1.743565899597142588e-01,1.138561391215978214e+00
6.822328013100024124e-01,-4.602488074374451177e-01
-1.417290119001748394e+00,-3.904108583004655131e-01
-1.497916818556917828e+00,1.254255712023638392e+00
4.046595351870650448e-01,-2.940677574335914257e-01
3.414281662319978428e-01,1.084136160595177423e-01
-1.846193526093072634e+00,-3.210031246312733400e-01
1.589520988712858074e+00,-9.004957870269492126e-02
-3.079420282910962925e-01,3.989448566080329162e-01
-6.709706192245058487e-01,-1.021945088755918274e+00
2.655658487753128072e-01,9.479692546911646645e-01
-9.676139954183091696e-01,3.440061556681380806e-01
-7.427556848117886634e-01,3.524484001508999542e-01
1.478270890453194930e+00,-4.713995582230202652e-01
4.894365182745252785e-02,6.056388573878391801e-01
5.741961169616703886e-01,6.840794867711252891e-01
-8.640963928644893599e-01,-9.515594946887035999e-01
2.675973916913082506e-01,5.650336877480650610e-01
-5.189642011276143219e-01,2.904425160717286070e-02
-6.143375440660350240e-01,-4.626348643487848689e-01
-2.502068898962855337e-01,-2.034598499415367356e-01
-8.766841742284391392e-01,6.822079191793360975e-01
-4.543630598989893965e-01,1.079788437687543956e+00
-3.852670902071581027e-02,6.054173500160884291e-01
5.459376901761257839e-02,-9.083691403357865846e-02
-7.508292174725302859e-01,1.169866568239810833e+00
2.451158570660371960e-01,1.449706168471772694e-01
-1.667412631665695200e+00,-1.418431822543311460e+00
5.849923121026665562e-01,-6.497190005179644123e-02
1.401762664540026737e+00,-3.726969813893643568e-03
1.681194443360272128e-01,-3.083822792253128053e-01
-7.988096835799822770e-01,4.521404926547380465e-01
2.503989075476995563e-01,-2.609791390986945236e-01
-1.233340831891236222e+00,-4.050460009023688634e-01
-1.808584308392190976e-01,3.375693301982880534e-01
4.079244785284019681e-01,-9.824178834048327147e-01
-1.287314255623892345e+00,6.131564334586552256e-01
-9.856739997744923265e-01,-1.208768743857941308e+00
-1.590025922556773441e+00,1.006431869576940308e-03
7.736151979917527122e-02,-2.679635876236035053e+00
1.101722813166256421e+00,-2.127568023487488968e+00
-1.349109883671952392e+00,-8.731484650596917918e-01
2.280170367691632116e-01,1.054737226991411925e+00
2.324349437848360900e+00,1.468724247538210292e+00
-6.175877692645300732e-01,-4.745576978967586124e-02
-8.714365856785504239e-01,-3.100630109208565299e-01
1.738705687913245646e-01,1.711858112552819167e+00
-2.073411352991539669e+00,-7.147339793696153576e-01
1.197923549113083963e+00,-8.337159229578250397e-01
-2.189735208951789636e-01,1.425727090321428747e+00
-5.707740355696762080e-01,-5.301577710827923839e-01
-7.779764302454881264e-01,1.200449386372354210e-02
1.357579694715803420e+00,-4.256772811228768938e-01
-1.862841913362300872e+00,-1.547657977711541122e+00
-7.426434477688637070e-01,8.766696882780636857e-01
1.058780485186566478e-01,-1.313688139658299336e+00
-1.879781595118931170e-01,2.210511676014406568e+00
-4.206782484474353989e-01,-1.559794639499009872e+00
-1.739478662323753477e+00,-2.972569995069092030e-01
-1.966653137288270070e-01,-9.686693899008589348e-01
6.224794872341579133e-01,-1.047629937553751445e+00
-6.107413404938847323e-01,3.853370576613251997e-01
1.015835241672628397e+00,-1.309584017293092262e-01
8.467509218185294007e-01,-3.686407864790880451e-03
-8.855540223354804175e-01,-1.444929460760456141e+00
-2.738550487108875470e-02,-2.888128134012353798e-01
1.063722829572849804e+00,-1.024346208384896650e+00
-4.668701256035026059e-01,7.599713660881138311e-02
-4.006038158033821128e-01,2.202926055898457580e-02
-1.730534204432889467e-01,-9.133411679125296168e-01
6.759897070807524555e-02,-1.046754273390454681e+00
8.115133443194475493e-01,-9.648119043005298767e-01
2.892844322424881209e-01,-2.414458012404920417e+00
2.097974824300400665e-01,-4.700651605732176219e-01
-9.699903354441399839e-02,1.932056020033161570e-01
8.733983355150271022e-01,1.211826134673530675e-01
7.097815385197355775e-01,7.046347854512116093e-01
-1.082517397336817622e+00,9.112505439947909958e-01
-2.234625956407566560e-01,-8.945462812809972242e-01
9.652939872043305725e-01,-1.440867492832790808e-01
1.495343789244548693e+00,1.335628469571921828e+00
1.700956023585721066e+00,9.862853696354694222e-01
-6.697390068512791839e-01,1.438545113523575392e+00
-3.010906188348765888e-01,-7.208233812156176201e-01
1.281871225692590710e-01,1.855970789051053504e+00
-9.283215389070222923e-01,-2.668753271861243337e-01
4.138274446634510051e-02,1.040528954227312175e+00
6.365413526204826145e-01,9.766954242404890518e-01
1.536319022290297820e-01,-1.011224385793138891e+00
-2.122060242011761133e+00,8.484999095637335564e-01
-9.540790354747281654e-01,-7.761699832515448483e-01
1.040422239532530657e+00,7.909683127650100065e-01
-5.636164573397616229e-01,1.516903157274364977e+00
-2.031147344589387504e+00,9.843066648197084101e-01
-5.533958047079974296e-01,4.786969675190699269e-01
2.634866192512718142e-01,-8.050614748469423487e-01
5.347261465311052842e-01,-2.117011456363930288e-01
-1.367300676599838560e+00,-9.636692146309129292e-01
5.359023485610745485e-01,1.267401141549375110e+00
-1.089346458486138314e+00,6.399631399436276347e-01
-3.636758156737805781e+00,-5.840800092520267439e-01
-2.179140231409435913e+00,5.888155655987017401e-01
-2.670060878443254904e+00,-1.531551197187930313e-01
6.950465856577259238e-01,-1.221955073271601577e+00
-2.181038904861164696e+00,-1.273412174470107017e+00
-2.428266166276464855e+00,2.467987135880178595e+00
-7.351308634575276502e-01,-2.184537079962438622e+00
-6.937696598102067735e-01,2.611528276404954246e-02
-1.822646932516115648e+00,9.229959709217038233e-01
1.158848612195617189e+00,2.859251166361222452e-01
-1.139104151283769628e+00,-2.408226013219847861e+00
-1.794891645395297886e+00,5.137691377011182059e-01
-7.210009475113630106e-01,-2.001079072278333926e-01
-1.062603392015056381e+00,-1.803590614266925019e-01
2.596375572946607591e-01,1.116260694780916163e+00
-9.970871287157971885e-01,-3.438322801531956685e+00
7.900688489166698414e-01,-2.108295127698939009e+00
2.739757534025370589e+00,4.482298175126543383e-01
1.392924312498081907e+00,5.045949075947961049e+00
-4.312879697082036223e+00,-3.536179322036269390e+00
-4.079192784380500925e-01,-9.664863587820168078e+00
-1.500693034526223713e-01,-1.145012279671250255e+01
3.223790287624376028e+00,8.824728493456019951e-01
3.981009926715841196e+00,4.458444703165174161e+00
9.035578047075725650e+00,-1.485820895691627674e+00
-6.072821901154660473e+00,1.570301039436050594e-01
3.255875934678518657e+00,2.352173180627080473e+00
-1.405859226246084059e+00,7.236756440218782949e+00
-8.431090052916069055e+00,-2.593591133384940406e+00
5.094431573240613353e+00,8.645805609043646811e+00
2.278678970949735927e+00,1.902959797468783743e+00
-3.667251732572132106e+00,1.309061120404109380e+00
5.944449044805136140e+00,-4.641849368396629316e+00
2.878925127392209404e+00,7.388058077013306968e-02
2.677751937479749156e+00,1.715543153903007045e+00
-3.747025775840246542e+00,-3.080725420003681769e+00
-2.837826221809497396e-02,-6.733990374618324948e-01
-1.613957851346280670e+00,3.324524884135976466e-01
-2.667381972066300566e-01,7.200983428769885952e-02
5.744400863887118014e-01,-1.101542793281361954e+00
2.975616269130717750e+00,1.680581767203754406e+00
3.974265781315982071e+00,2.866891529582801912e+00
3.532467946981851625e+00,2.374701918804442258e+00
1.039884110548122909e+00,-2.227822756855562414e+00
-2.206248581877361836e+00,3.721628621969268469e+00
4.840437475127076894e+00,-1.660241197412970493e-02
1.198607642145953056e+00,2.038951363718023657e+00
-2.197123977743049128e+00,5.711894122420707598e-01
4.692986868749772777e-01,1.526774270743715967e+00
3.712460557303206010e-01,-2.279803595685593098e+00
-3.634233429091926482e+00,1.767195268724935708e+00
-3.096009423777457137e-01,1.846558514169591936e+00
7.598512200260519878e-01,-7.761383772814715032e-01
-1.735435119938781190e+00,1.828923334548956392e+00
1.448964940038719229e+00,-1.300510191269792948e+00
-1.171566955578292824e+00,2.797855771908960953e+00
-3.184846454953444983e+00,1.705303972544443880e+00
-1.253735965379349171e+00,-2.849919917725098895e-01
8.846587742585227954e-01,-4.755640263484240293e+00
3.885377913675198691e+00,4.540485342580460326e+00
-8.487548974593972062e+00,1.212463631368419570e+01
-1.237752527636426336e+01,1.155874752005265194e+01
-5.697965167604164272e+00,-1.378935434527498671e+00
5.309702891701020278e-01,-1.284262952304752226e+01
-1.512374887563642112e+01,-1.137467637652204289e+01
6.747649475330908864e+00,7.922255389750195498e+00
4.089413632564815604e-01,2.202305392609019030e+00
9.555499451586126014e+00,-1.461259317398712909e+01
9.928911630819570178e+00,1.842705370210090621e+01
2.851170806646552869e+00,-8.258863854488851075e+00
-5.735767246452230239e+00,-4.836012650730738827e+00
9.096819577771068310e+00,-3.755553438043181202e+00
-4.749669325428859779e+00,7.638916714221610782e-01
-6.612417622025223096e+00,2.731647036746156498e+00
-3.374371621516067954e+00,-9.110035556714382921e+00
3.195536090857776124e+00,1.743130984974552877e+00
3.604252278538436771e-01,2.160628623855763930e+00
1.309402580214001466e+00,1.334623724401129197e+00
7.159729875032843083e-01,1.186581964599457972e-01
1.221236720461535752e+00,7.615010665990624705e-01
-6.679422857298866756e-01,-1.254150608965755254e+00
-4.797701083993792359e+00,-4.823876103637275037e+00
-8.683244604690654178e-01,-6.774138852282852064e+00
-4.271342694637773718e+00,1.040605555507550406e+00
2.885634447871777031e+00,-7.482314273241726932e-01
-2.646832660948966742e-01,-3.034812624335314624e-01
-2.523072611075848570e+00,-1.895005937123433348e+00
-1.398651901964920174e-03,-2.609726304110551176e-01
-2.769154780665561866e+00,1.704721497808258768e+00
-4.616826741218337915e+00,-9.150733963887442979e-01
1.620793418999527891e+00,1.773017821546008177e+00
1.269441952485524494e+00,-3.251577124662644813e+00
-2.616298019440318257e+00,1.775421019954370960e+00
-6.689544112897206629e-01,-2.673945066697063222e-01
-2.112251314092381094e+00,-1.263897954554067393e-01
5.827594374754143658e-01,-5.668039883321981165e+00
3.878615342720626025e+00,5.706419395580553111e-01
1.864834106656904522e+00,2.163862372801492295e+00
-1.497761412570869810e+00,3.035572467726433299e+00
-6.054124172798346137e+00,-2.240725329741786176e+00
8.724808232594444490e+00,-2.511383062100801755e+00
1.139251952543924773e+01,1.829886207424769928e+00
4.132652228947110373e+00,-2.024344528674939081e+00
-5.353368197756178226e+00,2.328642619756415399e+00
-1.460129600354689305e-01,1.381871825358086525e+01
2.270715578405855251e+00,-1.976849102142388848e+00
6.685361952070638658e+00,-3.930614169579833117e+00
-6.712567115978442800e+00,6.744027584241601758e+00
4.629263558821959279e+00,-1.468111777982493926e+01
3.301270845240175333e+00,-5.208068196438071951e+00
3.973551532891455906e+00,5.119523926912602718e+00
-7.468576997108971938e+00,-9.945455740996114180e-01
-2.620048884267003775e+00,2.715675721669637888e+00
1.696543168190749684e+00,-2.636416241273643823e+00
2.642271850902983221e+00,2.061073944209623754e+00
4.248314505222449133e-01,1.595752837876255104e+00
1.521102248117314870e+00,8.513834878959258834e-02
1.736232622692238436e+00,-3.063572487315556536e+00
6.223894284334705596e-01,-3.100575740367678357e+00
-2.385882078118437555e-01,-2.549405911408308523e+00
-3.900929794922285865e+00,-1.857430366952071088e+00
-2.869216393924639785e+00,-1.161165050374818541e+00
-7.901371594002952747e+00,1.087658516775009687e+00
-1.716868815071361798e-01,1.414255333239585077e+00
4.301346463331776615e-01,-2.992056430805244194e+00
-4.681201750146161134e-01,-2.785408391197560452e+00
2.254175528052715372e-01,3.062630483352611677e+00
1.206069329091363329e+00,1.343093930142001291e+00
-5.159512030784576098e+00,8.769089636481670169e+00
-6.892927682489315977e-01,5.313528084843500032e+00
-3.516951066221795763e+00,-2.634376793580086140e+00
-4.394503169710510804e+00,3.081679560745926416e+00
1.119224220169042106e+00,1.689900598390026820e+00
-1.852544932822980828e+00,2.640138033674149121e+00
-3.136700859352226978e+00,7.707929345783373076e-01
-6.266421892403341687e+00,2.282619035347130509e+00
-5.918419684082943943e-01,2.897009744801269271e+00
-1.922344999154576017e+00,4.542771415171846350e+00
-3.497814080989458674e+00,-5.285371619275441191e+00
-3.720993768866693308e-01,2.048591917873238355e+00
-6.060352767831805210e+00,1.009636164316116691e-01
-1.456400825304182334e+01,5.376732072403423324e+00
-2.202281853581722615e+01,-2.058295334977947366e+00
7.434124120601426355e-01,-1.061938603064337094e+01
1.249030984807074418e+00,-3.063194918778699360e+01
4.482989527753865389e+00,-1.385919239443923345e+01
-1.363521421318704796e+01,1.694381490640448007e+01
9.510922698991084445e+00,-1.175869727013938082e+01
-3.895695514118097336e+00,8.818003334776257418e+00
7.662530709429780984e+00,8.882330870247493237e+00
-9.147358339421236550e-01,-4.812055060811051277e+00
3.657886118977121903e+00,7.408529121767770675e-02
5.692313568262260537e-01,-4.068610621812892347e+00
-5.160294604242283256e+00,-1.708821873585764317e+00
-2.751476801937946526e+00,-6.197538474824042076e+00
-7.593119353357989931e-01,-2.527957380264396758e-01
5.087670167103975238e+00,-5.498722056149732973e-01
2.311232281307685099e+00,-1.332279511706161212e+00
3.554588947266653420e+00,6.164490702931584298e-01
9.341241566162681309e-01,3.109216000688185932e+00
-4.984708739241199282e+00,6.774280344367649143e-01
7.488427865670908012e-01,-3.566952176312853773e+00
-2.290719530903356782e-01,-7.668150937779756315e-01
6.933188396279436061e-01,-3.606047923086765361e-01
5.888856557229582123e+00,1.518410903800239797e+00
9.285179480203801239e-01,4.156023091490139265e+00
2.972044744754554824e+00,-2.975900045817136963e+00
-1.820915758258515593e+00,6.639672576680968330e-01
4.165508055226108119e+00,2.197884231457800652e-01
-2.197881431944639363e+00,-2.557323131409177108e-01
1.833122927866539964e+00,4.164857180894053990e+00
1.712176646368468447e+00,1.817819825812909240e+00
7.857467692397011039e-01,8.842274289179088420e-01
-1.664597284726885951e+00,-4.321888980649478462e+00
-1.112296303760534455e+00,1.024369086778808446e+00
-1.309551551383328905e+00,-3.848542658649642956e-01
-1.507445532451084702e+00,5.334878314685481682e-02
1.231675491413707357e+00,-1.837416082635339842e+00
7.353108465933185789e-01,-8.277307615641775473e-02
-4.073506169513592123e-01,3.177835969458672416e+00
-1.147967244251010488e+00,3.264488816635127133e+00
-2.028330491213569342e+00,2.119651193435919900e+00
1.671973761602520980e+00,8.063200334784955681e-01
-1.263325386527641259e+00,5.265761217028297470e-01
-7.101943390005518886e+00,2.197913647050862007e+00
-7.803510576392533871e+00,-3.670409564801495605e+00
2.841212810822551837e+00,3.992573357847797322e-01
-3.868254169013712662e+00,-2.374522074124227444e+00
1.504907738818212604e+00,-9.245731192615428418e-01
2.733764733070913167e+00,-2.967208004844192892e+00
-1.322306483658255871e+00,7.805210512019504776e-01
-7.556855978438175026e-01,3.572786520752400663e-01
-1.723076774819807033e+00,2.806838748417307183e+00
-1.459746801038402930e+00,8.135677788232745788e-01
-1.380159940086294723e+00,6.678311419171040209e-01
-2.637580134935203269e+00,4.346927591135179014e-01
1.139311670951130617e+00,-8.683286922745072633e-01
1.676043837470539977e+00,-3.251896620600908117e-01
5.382900179302692933e+00,-1.651273351067672479e-01
3.832933240787164131e+00,2.089218726312652485e+00
2.032722372964334667e+00,6.805724539867329170e+00
-2.750418573770434527e-01,2.128899837507546300e-01
1.190069572185613156e+00,1.761875915874070442e+00
-9.581542970912906299e-01,2.281526713725163358e+00
-3.260299324343485683e+00,-2.445948614451920911e+00
-1.591353541288294204e+00,-4.563147817171102183e+00
4.373157703971918275e-01,3.397168932138597164e+00
1.624766446638830519e+00,9.757111358627676978e-01
-2.455661892924826173e+00,1.317265294514407659e+00
-1.743305082333630462e+00,-4.489443830440189021e-01
1.865410616182808123e+00,-2.508503421223322594e-01
-1.496394444561695680e+00,-2.043438681625190600e+00
-8.870885208882904882e-01,-2.691092049595799729e+00
-3.651024704388797559e+00,2.104560085441483430e+00
-1.415055201634193294e+00,1.069916909327596644e+00
3.049219320159781699e-01,-2.745427702725281804e+00
-1.048404309925272893e+00,-3.920553838384774892e+00
2.230248834454552354e-01,2.165665406898361400e+00
-3.556834504260454333e-01,4.927352662006933004e-01
-4.445335756970163477e-01,-2.544526456304421647e+00
-3.671293204874016558e-01,-2.131439527572541515e+00
-1.187835403125066858e+00,-9.389134647335470873e-01
-4.698409788796767295e+00,2.885993851026508850e+00
-1.702227921516251241e+00,4.275840825799064326e-01
-9.733726361962986573e+00,-9.804037078019078422e+00
-2.229181119421281920e+01,-4.229491391065806738e+01
8.272919119735743010e+00,1.625690563387769316e+01
1.111121758299148166e+00,-3.618409733683022989e+00
1.259858466507454144e+00,3.090914242037186899e+00
4.376686586211150143e+00,-1.008537582932788057e+00
3.734986818839696188e+00,3.024009169468239722e-01
5.469632288613095028e+00,5.720216156045873079e-01
2.282159281183069321e+00,-1.456204545571341269e-01
3.648250747275793238e+00,1.792797838968962720e+00
2.166705430822822631e+00,2.539039404481147066e-01
1.661359299871321360e+00,2.888345234724726263e-01
1.929113761263906657e+00,3.707373537386332574e-01
1.643230008993663560e+00,6.625207813741131879e-01
2.346183767651289998e+00,7.917718175568856376e-01
1.682372173316394770e+00,-1.686453123284119560e-01
2.050457316206261815e+00,-1.224049908038795209e+00
1.266486036888274658e+00,5.815614958423187542e-01
2.712989438358676786e+00,-5.350541904473351540e-01
1.237695871465808617e+00,1.470338528805297473e+00
-7.310038218481769434e-02,7.805976626888029291e-01
1.341635530715363567e+00,3.248203957969367561e+00
1.737583423579125430e+00,-3.298883573571182448e-01
7.548450695401509591e-01,-1.065602147422380686e+00
8.147502905344738977e-01,-2.547867356405425499e-02
5.522366104751075255e-01,-3.480506685628634300e-01
6.107370065607035103e-01,-1.240116563287555929e+00
7.087665918249859143e-01,-1.388793902705678374e-01
9.689430372326931495e-01,-5.095976169890392704e-01
1.330858555533797061e+00,-3.105913283560733928e-01
1.119880382139220032e+00,-5.757633740720753401e-01
8.229854936641969321e-01,-3.362287917413763205e-01
8.607224481023504348e-01,-1.008937297153811030e-01
7.527820802656290944e-01,-4.368013642827833221e-01
3.300397373438650472e-01,-2.242180919341076051e-01
2.912044985490677140e-01,6.135711764217031960e-02
4.085989534812479174e-01,-4.137802866507785393e-01
4.092630153818445637e-01,-1.015934649890192221e-01
4.388356745467348330e-01,-1.987650113625710757e-02
5.296851175692345315e-01,1.324079162236301357e-03
2.245971241359963622e-01,-2.968267909810382577e-01
