-1.853641900000000220e+01,-0.000000000000000000e+00
-1.724603217506256891e+00,-1.292383565061242301e+00
-1.934476577906681038e+00,-2.329917963792823787e+00
-1.033348010296661679e+00,-6.116313593658930792e-01
-2.984498398959286036e-01,7.390115407750812437e-01
6.113030763201637852e-02,-1.987229354922785962e+00
1.720821249746069093e+00,-1.399649531500098298e+00
-1.974945911490502581e+00,6.492783364946984603e-01
-1.016444236219673725e+00,-2.210804814435529675e+00
-3.303768054391373887e+00,-6.558503615428984190e+00
-3.129771791285751892e+00,6.898092492362883910e-02
-2.665641064398376892e-01,-1.670932466213342682e+00
-2.621337279923637187e+00,-3.805064535974662099e-01
7.406194591126256110e-01,-5.208257362048871464e+00
1.557620552002680459e+00,-4.183198495372365322e+00
9.149307288525221349e-01,1.600204805464672253e+00
-2.632258695009367933e-01,1.221126383233937407e+00
-4.567303730565718034e+00,2.748742096052500195e+00
-2.385835794750715166e+00,3.143065002651412421e+00
-5.433138417789465713e+00,-4.971796967727928340e+00
-6.705735531742156752e+00,6.018144608345402702e+01
-1.835186390728204664e+00,7.383761078099809971e+00
-5.510747534504076839e+00,-1.990855814606186991e+00
-6.749074410222982934e+00,1.958298039628926457e+00
1.484800662862238774e+00,7.031386727069020015e-01
-2.344931510936906438e+00,8.529408520074055478e-01
-9.524642480780475040e+00,5.826755116899181353e+00
-6.539308863669814897e+00,2.229858764523031667e-01
-8.654007978664372658e+00,7.563877870582063068e-01
-4.289057789606681048e+00,-3.784555794768606596e+00
-2.541965533425227353e+00,-3.829447759154851028e+00
-3.564275119991263896e+00,-2.684297007729809614e+00
-1.001209142143658148e+01,-2.723068879996124458e+00
-2.564406340589804323e+00,2.876954106358861285e+00
-5.836571526150031275e+00,-2.188746683498673518e-01
-1.203245438717816862e+00,-7.373673693796988005e+00
-6.433568447089521136e+00,5.368683042468107569e-01
-7.000016543299197203e+00,-2.246458492100609217e-01
5.098928326304763559e+00,-1.462368437990419157e+00
-1.488774907767376021e+01,-9.633507009187461279e+00
2.665785862938811590e+01,7.743841911303134040e+00
5.141757018527355783e+00,5.081993002516756341e+00
-5.751905408089150740e+00,7.158869318423322525e+00
-4.382847416728266055e+00,-7.557477191002959671e+00
-7.912175805696300301e+00,-2.856156961338057521e+00
4.453825332181724050e+00,5.797091538432004754e+00
8.967785670106160900e-01,-3.838070149425537370e+00
-8.319402559994678370e+00,-1.808611866399527202e+00
3.008001587734879800e-01,4.694704570841821578e+00
-1.091690829877403346e-01,6.666333528683393572e-01
1.605661272319686139e+00,-3.768964486289081872e+00
6.395751626021767500e+00,-6.145973777989648390e-01
3.895631586389699530e-01,9.337407189697647381e-01
-1.211250076809701870e+00,3.209562533329113787e+00
8.153413124349059515e+00,-9.236458948369380195e+00
9.762529788898750560e-01,-2.009171806577716435e+00
1.384192300088993122e+01,2.481128231357370595e+00
-8.879607850810981029e-01,-2.909354266943092737e-01
-1.427238413592436750e+01,3.288886850180587462e+00
1.807407531598297012e+01,-6.985961932550633691e+00
-3.010919406850440083e+01,-9.406414472870048726e+00
-1.656420150058974983e+01,-1.299013691158697092e+01
-1.838889213507766129e-02,-5.245828521699610114e+00
-2.982443980201016309e+00,-1.450371030586587118e+01
2.533604124296572335e-01,-1.040652536770332315e+00
3.941161449982034881e+00,5.549019061623255311e+00
-2.873045273254392296e+00,-3.325925446944814290e+00
-4.060343706094358573e+00,3.632918670537728989e+00
-1.340445258899181757e+00,8.713160358161410102e+00
5.675987112220607145e+00,-7.853575455462995514e-01
-2.622730602011444034e+00,4.590897040081931557e+00
-5.484915807906480367e+00,-8.291960527333822384e+00
7.134805231609819387e+00,5.461940720483889677e+00
-2.988985708781513928e+00,-1.007585771334450442e+01
-2.122601584702496602e+00,-1.449820034508871913e+01
2.010125110764862555e+00,9.513131372887315695e-01
1.290011838491284557e+01,6.472394339717857825e+00
1.891636838771609774e+01,-3.491997281513573359e+00
-8.427144501799611831e+00,1.364737600439474674e+00
1.207568890747949197e+01,1.772854581634827298e+01
-3.429981633849564560e+00,-1.080582294429008350e+01
-7.726114627473897656e+00,-3.870027823556642765e+00
-2.134653939623964547e+00,-6.727854787170837625e+00
4.107006412658359196e+00,-6.248861293768928071e+00
1.386810409018599977e+01,5.098845711927769031e+00
1.131711490306941315e+01,2.813303727470957138e-01
-4.418435322400680931e+00,-1.523243742868940487e-03
5.111420705628457739e+00,8.469672832536833340e+00
-2.352740801345425403e+00,2.377901659143039748e+00
9.017369664131407170e-01,-5.634926878581853593e+00
-3.075669050285791073e+00,-4.087635350327329498e+00
9.779036403739215899e+00,-4.959163027732078177e+00
2.631144327541769190e+00,-1.037358749021466586e+01
2.405188238045036186e+01,7.022947834561467317e+00
7.988032227777449812e+00,-2.080901728541702767e+01
-3.340974060318027128e+00,2.268934232479029145e+00
7.055024069070542581e+00,-3.720963735551752904e+01
-2.037512658489652395e+01,-1.747414823871807599e+01
3.145073709727184408e+01,1.592766667451003038e+01
-6.563651680836056812e+01,-5.563576191766205170e+01
3.182542647580888584e+01,6.111713125598143392e+01
2.516619279443881751e+01,7.920184623209070196e+01
1.073928873718186239e-01,1.506698114591771187e+01
-3.599470942303972976e+01,1.400226936729455041e+01
-2.732419254894569960e+01,4.466148045964636992e+00
1.427920013182944592e+00,5.696055298291338609e+00
6.936471356121217013e+00,9.279983938934645238e+00
-7.998830655501988574e+00,5.270112351641731863e+00
-2.616483511368334902e+00,-7.086926882192311261e+00
-8.875326620608516848e+00,1.062547476331245466e+00
1.603224888952491822e+00,-6.699220793937428198e-01
-6.713325235823724313e+00,1.904278747041165287e+00
-5.627282211058910022e+00,-1.034209088429204293e+01
-8.638090978585902135e+00,-2.656944900053532344e+00
-9.249420755898869473e+00,7.788120012041490625e-01
1.101392342704763105e-01,-9.767290561867354448e-01
3.024760308637758577e+00,-1.760056968273389799e+01
-1.046118421135504661e+01,-5.977768803275660403e+00
5.196752458044461065e+00,-2.755382781971949413e+00
-1.841470778751077120e+01,8.454332329928634593e+00
5.185692017649832231e+00,-1.270007473801711484e+01
1.874177920585465529e+01,-3.825550393128362980e+00
6.838389687750529689e+00,-2.627982793201568246e+00
-4.691192031711469923e+00,4.677312886305535322e+00
-7.882722807872499793e+00,-6.213718892770767610e+00
-6.570135001206730330e+00,-1.694005459247159706e+01
8.235225861444416040e+00,-1.160549111227094876e+01
1.106424180812742186e+01,9.167310699776800575e-01
-2.649480540353763569e+00,3.084319958411941620e+00
9.839989479905904002e-01,3.698360180523912799e+00
-4.846069029268561756e+00,-1.261377099175139094e+01
1.239671233467786671e+01,-1.955953455329280288e+01
-1.073294655886027371e+01,-1.117354080700503793e+00
-1.472422247371730997e+00,-2.559581815002252370e+01
-3.094152794108859084e+01,-8.799292460326523013e+00
1.063131309482787756e+01,9.809655929211386294e+00
-4.270788220927669698e+01,7.259206421755404648e+00
-3.509462440061251698e+01,6.487480844342671560e+01
-7.121144094897458032e-01,-5.580556629814145708e+01
8.065755630909450247e-01,7.499235763688747625e+01
1.075407195435797547e+01,-1.845101029022372074e+01
4.298169299135576438e+01,-7.546670969473257173e+01
-8.814457121890583835e+00,-3.116655421818784077e+01
3.578966212836485994e+01,2.098996439154039706e+01
3.968041132168028895e+01,4.606889322140825982e+01
4.588065776666541140e-01,8.788868596725457394e+00
1.146091375892902775e+00,-2.344032169853522518e+01
-8.612636590473934817e+00,-1.433800948907518702e+01
-1.701714812870151583e+00,6.629026242546720127e+00
4.774174973208001660e+00,5.725696538637127020e+00
-1.512890687679218438e+01,-1.353456155651802106e+01
1.211272261928881200e+01,-8.152379186349032025e+00
8.057670811400306832e+00,7.156621361841208895e+00
-6.485149768531409009e+00,8.964405698050580185e+00
-1.635802485953276708e+00,1.832898878292521516e+01
1.000817571886575408e+01,-1.438815652804576750e+01
-1.467925115028504557e+01,-1.744658788371492797e+00
6.472028335605125804e+00,5.993675125659633451e+00
9.911837852328384546e-01,-3.618100227347224696e+00
1.958488271424112526e-01,2.245108188998940335e+01
-4.710635475594844301e+00,4.689318367199073023e+00
4.124801338636352455e-02,2.793689971999408161e+00
-1.629319325389869899e+00,-9.213240334273679721e+00
-1.139390011456514529e+00,1.643294046096206174e+01
-1.180048864340456305e+00,-9.214240621292056233e+00
3.376586975902993615e+00,1.725321512409653479e+01
-6.663529993878127833e+00,3.887757922895460183e+00
1.269049924521421291e+00,-2.356701799439086642e+00
1.009880260444833411e+01,2.548842533090365681e+00
3.539848790775894649e+00,-5.866637250092485267e+00
5.862538668205797165e+00,7.693490027717913904e+00
-3.672239590014129362e+01,8.412264080847132064e+00
-5.707162937415990456e+00,-1.454712747140758822e+01
-3.361372638029233695e+00,5.997760405402281059e+00
-5.539363783444533951e+00,3.879250082773636876e+01
-5.960789719043015467e+00,4.484518650382650407e+00
7.248706949300203206e+00,3.774922129205593535e+01
7.422701301495291659e+01,2.101331265931413839e+00
-3.452250557024144229e+01,5.270110481467958152e+01
2.951801542751034901e+01,-2.031361815913098212e+01
2.913465087767470507e+01,-2.072114175418848347e+00
-8.610055846354104858e+01,-1.257419717083081423e+01
-2.682102011359797800e+01,2.609894718469597308e+01
-6.602404679340739158e+00,-1.598768066806668031e+01
1.622995550707453205e+01,-6.897722436988010486e+01
2.763212248102433932e+01,-1.797758408587380785e+01
-3.634593986395886489e+00,1.846210557436283750e+01
-2.669018559891212661e+01,1.806087492288596508e+01
-6.281228391771350950e+00,6.943496272393872459e+00
8.626577495669064177e+00,-1.661409474486586291e+01
3.137799421497348806e+00,6.993830205566552216e+00
-1.996105367192400237e+01,1.161157872915314471e+01
-4.056755778745032792e+00,-1.708294776668319059e+01
4.552950106821013421e+00,1.241017390367337381e+00
1.655993522910016935e+01,-4.574396966979956680e+00
-9.486156313303524712e+00,-1.342472046760845750e+01
-9.679225194072385463e+00,1.505767986985041773e+01
5.525703617570572490e+00,-8.943857302267124609e+00
4.600347024413406594e+00,-1.026023262102467370e+01
3.721481747979152210e+00,-3.422973059891100789e+00
7.161607493452240902e+00,1.204007406884132259e+01
-1.612070588837245744e+00,-5.685753402794601286e+00
-1.258734352229227760e+01,-4.898074547482599961e+00
1.528169121387047191e+01,-3.155366775159246018e+00
-2.859964848872544430e+00,7.004724844053050958e+00
1.850639000161809600e+00,-8.973899452469803251e+00
1.464317413795009681e+00,-5.531213971327641588e+00
6.348831285576826744e+00,5.845512202344080421e+00
8.123684664285253376e-01,-3.184705597083721251e+00
-1.501942713996343493e+01,4.799438594992738061e+00
-3.134675858592958608e+00,-1.404231861441030738e+01
1.452389118991265349e+01,1.280735978493325788e+01
-2.714564711988303625e+00,9.844131851346528350e+00
-1.380432619689752016e+01,1.025242905047381292e+01
2.220950554519651732e+01,-9.002357263162432233e+00
7.149351858620699218e+00,4.399195981377902243e+00
2.792980187029824179e+01,1.779548802348936221e+01
-2.146559741294627344e+00,-3.058114679252712165e+01
1.888967534289920636e+01,1.914974942264645463e+01
-8.222874458152999999e-01,-7.957533198929034768e+00
8.987504245262824654e+00,-2.006049126720049003e+01
-1.285929110285438526e+01,2.705243433505822281e+01
9.051222911511610292e+00,1.885053801981432287e+01
6.454697370112507215e+00,-7.946488062362928595e-01
-2.220458730222092925e+01,-3.177382803717695658e+00
-2.204028649444732935e+01,-1.448609843313353451e+01
7.158066399261274526e+00,-8.227930491426448611e+00
8.413094967205019259e+00,5.668873106295794884e+00
8.652325202270295890e+00,5.781856816411352185e+00
-7.282258766548411089e+00,4.366528135543653377e+00
-4.593679154869850123e+00,-1.004857655469007627e+00
7.420853520829335359e+00,5.628606308515700540e+00
-4.781555394284736415e+00,-2.807326211039149477e-01
4.328015668752314582e+00,-7.362864215915851940e-01
-5.811750958402027045e+00,-6.691763227109127854e+00
-7.479889211773115498e+00,-4.593237342771280041e+00
9.962858246072467949e+00,-5.290770853299781251e+00
-1.809361034566959958e+00,8.709109903414253395e+00
-8.909295769237207452e+00,-3.673505389900117102e+00
-5.148460365024995156e+00,7.343062268179556540e-01
3.023743890153703706e+00,3.491285931782949437e+00
5.735401066543730053e+00,-9.039453018696862685e+00
-1.295643785079139354e+00,6.018407605984189779e+00
-3.875206861236609512e+00,-4.520422031437256294e+00
1.331385785340448535e+01,4.957188940697323964e+00
3.212843779950427248e+00,1.009746641579849324e+01
-3.099824026411468925e+00,5.719637787319848066e+00
2.036475678415630153e+00,-6.308614810029148146e+00
-4.621690619385121046e+00,-6.420634193534859868e+00
4.772232926221007254e+00,4.796635344428075598e+00
-1.185431000495145604e+01,2.936206163056227503e+00
7.909537858043245606e+00,-7.785283002239710370e+00
-5.494546685099666039e-01,-7.087541900165003739e+00
-2.752919438904930516e-01,1.492142678417582147e+01
-7.892736899898711300e-02,-5.869019805746271246e+00
-3.987520121862935252e+00,7.168470089464961781e+00
1.967443825267780610e+01,-5.867083339238687856e-01
-1.332064738713663488e+01,-7.369602944575873948e+00
1.369370124512207099e+01,-5.990703962638947999e+00
8.074102749125588119e+00,4.157493201408124506e+00
-5.362631598496705010e+00,-2.087295800427785863e+01
5.161168324019499209e+00,1.329255814954820814e+01
1.163930563017826358e+01,8.652568010471130222e+00
2.381511076319670295e+00,5.577389617798462318e+00
-1.273999945762272645e+01,-6.332623551693394859e-02
-2.139579576043212228e+01,7.101265260416313119e+00
-9.812874646915613397e+00,-9.417936112511846147e+00
4.400840921124178351e+00,-5.097869983392677717e+00
5.666158368248945365e+00,-5.207645465884731983e+00
5.022409213338427492e+00,-7.244294397298496335e-01
-5.252062034585709860e+00,3.224456681697382976e+00
4.947586253308684512e+00,1.078339700250316779e+00
-1.659346396006425195e+00,-1.174014149749540881e+00
7.286913871406347498e-01,-2.244898674754096657e+00
1.081171488985713802e+00,-8.537213437955708528e-01
-3.868052072878201741e+00,5.799259625959553688e+00
-2.010989457577863071e+00,-1.837116966131138174e-01
3.825945790422216941e+00,-3.694496667853178096e+00
3.125938744954551929e+00,-5.382477856851729747e+00
-3.808691598821719593e-01,4.299795342402099152e+00
5.910116276940463820e+00,-1.741268901878421982e+00
-3.244731886798437159e+00,-2.376488817914560236e+00
5.114695747591746944e+00,2.821697817643960882e+00
1.450046844469040364e-01,2.901598694078559415e+00
7.209789464075506693e-01,-5.738685864186930274e+00
1.155803132810239164e+00,-3.828934514247454235e+00
4.735257125717737381e+00,1.967481937378732226e-01
2.208165472180481981e+00,-9.217153194861769094e-01
-1.726877897320036936e+00,6.498835110461488540e+00
1.868353696116282991e+00,-1.688020394070299135e+00
-3.561378383762495492e+00,1.038091640348845601e+01
-3.936727909621569599e-01,1.209814136039477850e+00
-1.139972352974044334e+01,2.900706402023960351e-01
9.574027848728118073e+00,6.643589317037847053e+00
2.245759409764689352e+00,2.318653871441575642e+00
1.105409344380116732e+00,7.334517948476809934e+00
1.826937585287857768e+00,-9.949319617618904488e+00
-5.661088688859944540e+00,4.529438023809165159e+00
-6.850233952977729857e+00,-4.708518736416930750e+00
1.047481569120308720e+01,-6.152280283613068335e+00
-1.128673446052124874e+01,-1.301005214535488008e+00
5.207083742739926358e+00,-7.684989970303515161e-01
9.667241822629355497e+00,1.080527019739117023e+00
4.439319442361911783e+00,-7.017392413758328118e+00
-3.279141769128059103e+00,4.452372785318436499e+00
3.512236720055277317e-01,1.536194306722979164e+01
-5.835998916445754858e+00,1.029088425136558627e+01
-6.183363374455004724e+00,-3.495728176028765954e+00
-4.113027885925528260e+00,-4.446297290294158877e+00
9.528686219345119390e-01,-5.552039182797349426e+00
2.375914548193642339e+00,8.124837388999473831e+00
5.982500238964052475e-01,-4.397711089582300725e-01
-2.551149389399974599e+00,5.002433086400012163e-01
-7.654839518982887725e-01,1.744136384419232855e-02
-2.065208789128902822e+00,-1.939169627645191962e-01
7.977933520420597002e-01,5.412188815369539441e+00
-1.707849433301360076e+00,2.834619002171518964e+00
2.763894420972162203e-01,-1.171342701221181448e+00
-4.177323931629845610e+00,-4.345527371676187300e+00
2.186204980838088119e+00,2.217819076877701523e+00
9.316136701700338252e-01,-1.322747641627296744e+00
-2.504645292956086511e+00,2.763825597841412574e+00
4.144219509073074903e-01,-3.620813224336784764e+00
2.993923408141310638e+00,-3.229977422128863296e+00
-1.749739021687070295e+00,-2.988681013701385503e+00
-1.954908418223388011e+00,1.633848270062255859e-01
-8.330867607589504953e-01,-2.020343208459248197e-01
-3.255154993665429153e+00,-2.270509428908306315e+00
6.766479724968826659e+00,2.992198882841922813e+00
-3.923718601484623925e+00,-3.117404208690692791e-01
6.090748653669280976e+00,2.697723996732182439e+00
1.527403789285540547e+00,2.278147183748635562e-02
-1.112891217979505853e-01,7.149661055869763970e+00
8.988047604151145897e-01,-4.011007468309363944e+00
-3.513235892252082326e-01,-2.886621985593308626e+00
7.409736336325401851e+00,-9.600572140327929826e-01
-6.249898016082068075e+00,1.445852873616928491e-01
-8.259353175588025897e-02,1.921747386235150845e+00
1.977058677900906503e+00,8.525743220914637988e+00
-3.294775705350426520e+00,-7.884852993292843948e+00
3.345834952350481561e-01,4.180354207362678487e+00
-4.357065595077962428e+00,-2.683074518548811405e-02
1.086345726076468177e+00,-8.221817965990101840e+00
-2.937708608312174174e+00,-2.359807662714517473e+00
4.693108616969565716e-01,2.822732247620464374e+00
6.747452165194657070e+00,-7.674274682899273614e-03
7.353604169115126155e+00,4.428295977014840012e-02
-4.302427795786702980e-01,3.331698706252928854e+00
-4.059959172713610620e+00,3.922925134730841368e+00
-6.304489437421639586e+00,7.880816449004650615e-01
4.480731425285103597e+00,-2.192557026447167878e+00
1.203675616087260147e+00,-1.804484287367530193e+00
7.938420334596594241e-01,1.402890509978733657e+00
-1.715652976813284658e+00,-7.532873462016687061e-02
-1.724736915879705457e+00,1.749288839318732913e+00
3.470943805921796077e+00,-1.190998991531843298e+00
4.506022580481330309e+00,1.965329626070079883e+00
-1.530482579241752017e-01,8.794979023941991159e-01
-2.049267557118156002e+00,3.901323673324568642e+00
1.793056175959527376e+00,-6.456895745673204567e-01
1.717546333972221895e-01,-2.626461442018784176e+00
3.800903553964266823e+00,1.752666992166269200e+00
-1.730321581892028782e+00,1.851454276884949568e+00
-2.274898735989248966e+00,-7.967243315980115925e-01
-1.209331482911808919e+00,-9.611556030289272190e-01
1.958382940743286227e-02,1.644842990523835535e+00
1.051961572844173631e-01,9.360740219305557774e-01
-3.167639618202708451e+00,4.684954792188328554e+00
2.996969996170664174e-01,-3.889952773939001851e+00
1.526872117166800047e+00,3.264196996638876858e+00
1.261787584548468288e+00,-2.420406068229244756e+00
-1.287516244959234113e+00,-1.094481854018398925e+00
5.413574619713601876e+00,3.192750750121373660e+00
-1.561232596537674988e+00,8.458976386921669421e-01
-2.406314606452039762e+00,2.094260684739871703e+00
-1.560551469665329094e+00,-4.313302873814429006e+00
-6.234844787769096008e-01,1.295075120488227816e+00
-1.778056944304606812e+00,2.319288402993999298e+00
7.533105385448692459e+00,2.824488445338868559e-01
-4.919524821526907843e+00,2.461343057774415755e+00
-3.539920862837862003e-01,2.922444644552772974e-01
1.304206330206160835e+00,3.521721992959041536e+00
-4.901383679742227883e+00,2.995773095062742586e-02
-3.226745691995164034e+00,1.846223465615559167e+00
8.332729136547755155e-01,9.358571246635029039e-01
4.774977294118276649e-01,-2.961601731090979239e+00
1.448884242377807219e+00,-5.336376301378217946e+00
1.260866414856026019e+00,-4.364532921719509462e-01
2.021427576464705389e+00,1.858331750118888737e+00
2.566516843426235983e+00,6.364203401668894422e+00
-1.629083552743629593e+00,-1.424916295355602269e+00
-2.074436093822224603e+00,1.188110312616962871e-01
6.208408402973288887e-01,-1.013123872547056381e+00
-2.427825495601945438e-01,5.212038855736685905e-01
1.931490542238251118e-01,2.668255346801934103e+00
-4.461557936831472837e-01,-1.488940126825303079e+00
1.009733367833691720e+00,-2.004565495965898059e+00
-1.942846874051133321e+00,8.952883776869569044e-02
