-5.856297999999999782e+00,-0.000000000000000000e+00
-8.354675101544970506e-01,-2.171065284659875194e-01
-5.051304299993978342e-01,-3.239881728958362017e-01
-7.312369431889480520e-01,2.897142194692128303e-01
-4.303748646620972340e-01,2.211780660390223752e-01
-1.805169692884782962e-01,-2.207483555302470687e-02
-2.457476419488977548e-01,-2.018263292336085202e-01
-6.693113009924543944e-01,8.197761282134269356e-02
-9.830895136047663740e-01,4.679578193906422934e-01
-3.413127098266807713e-01,2.092262799182848521e-01
-1.120540387047390229e+00,-3.383423724513959785e-01
-3.977530884599977945e-01,-3.669475031039182156e-01
5.066035734863971740e-02,1.243203624429655374e+00
2.022362536131741551e-01,1.264774682867647881e-01
-1.055392124334984111e-01,-8.416138330239202048e-02
1.264286981300461188e-01,4.080169471283779381e-01
2.172863491210479392e-01,7.103762007885611185e-01
-4.913461728838564024e-01,5.580632037072972285e-01
1.166014975836124457e+00,7.409759327096143711e-02
5.107860769456218364e-01,2.830235444295164382e-01
-7.153178000883902987e-01,8.533932223824974850e-01
1.185992478778758574e+00,1.903549509080862401e-01
7.530907901138694793e-01,6.232448061249590276e-02
1.432071766555274905e+00,2.412132530126528396e-01
4.250721073554952767e-01,8.638542201245972274e-01
-1.069962026932371968e+00,1.259727760049025980e+00
9.846739458864045558e-01,1.165883255097963422e+00
-2.020939292151609834e+00,8.361579299657675435e-01
2.783741337612802291e-01,2.042159102222182443e-02
7.749907725291839133e-01,4.082796863066724846e+00
-3.268025044582194116e+00,3.955892605068087597e+00
8.315249780307287786e-02,1.679850990195549620e+00
-5.205408376153474181e-01,1.326365996561087002e+00
-1.797728228637125003e+00,4.442556913824247999e+00
-9.838232931607919785e-01,5.320346047298017744e+00
-1.174766463216986301e-01,1.311866541327099789e+00
-4.406862865884280112e-01,3.494742690484129888e+00
-4.370853418540733060e+00,3.090340062871396398e+00
-4.605646258807915672e+00,2.730603960991069834e-01
-4.116669306405166928e+00,1.286376483508633317e-01
-7.000468585839957569e+00,-3.102805972295867409e+00
-8.317865772938533908e+00,-6.558583385815028421e+00
1.200771905715385390e+00,-7.451500782251685884e+00
-7.606892536224196810e+00,1.621177744182822344e+00
-1.965509409787600248e+01,-1.338310484757667140e+01
6.119971110484126342e+00,-2.844156489421528988e+01
4.302707382225776911e+01,2.667715912181488846e+01
-3.602199980129798007e+01,2.436511553937381436e+01
4.968059750548088971e+01,5.300963473283513849e+01
4.066394480467867112e+01,-1.226078606501605428e+01
2.844038285697301660e+00,-4.279738491268895473e+01
-4.835313885996098904e+00,-8.408207498735164265e+00
-6.685578183798671859e+00,-7.346907806775842431e+00
3.734015636270180849e+00,1.768429933687370337e+00
2.940208465532186732e+00,-6.118317273162237946e+00
-2.043294423340151766e-01,-1.301146734594963483e+01
1.985716166047738707e+00,-7.868169438116400904e+00
-9.742356458707750022e+00,3.983952444319112551e+00
-2.546124173943565161e+00,1.367501329671972909e+00
5.321993420706160549e+00,1.315239707293188509e+00
1.219351904521661645e+00,-7.979182299483405849e+00
-7.962401938946690017e+00,-7.734365316939382673e+00
-2.037314825479666691e+00,-2.091635258842322820e+00
-5.929470281023478506e+00,7.194688549994777915e+00
-6.796312483166515150e+00,4.221356035113320360e+00
-6.253826791507168359e+00,-2.528989510301490995e+00
-6.591728551748874398e-01,-6.291497286096733310e-01
-1.937439853887721775e+00,7.595276399732900252e+00
-1.177584501766181901e+01,4.610501463487301166e+00
-1.319728624628498270e+00,3.093038842556274481e+00
-8.859666955539218236e-01,1.814170374326045021e+01
1.267445139792064079e+00,6.219919465284734272e+00
2.333161777027215056e-01,7.432064476353777316e+00
1.491395413391571445e+00,1.123872900501498151e+01
9.585181846955968865e+00,4.411921424667932357e+00
-8.112904588022558094e-01,3.263501220974645456e+00
1.872843926057862873e+00,3.399266612901638007e-01
1.656742003029696209e+00,4.721900703711374270e+00
4.731947643144533089e+00,-1.143270429591756399e+00
3.054887020633213712e+00,4.314223721013314083e+00
1.557279443443702505e+00,8.728457763636129130e+00
4.629699958181501707e+00,-3.788132596922537676e+00
4.687586023182542583e+00,-3.985438308642511807e+00
-4.602243494044850891e-01,-6.622099136321049073e+00
1.361360399972362245e+00,-2.074026935789421877e+00
-2.321599726156696519e+00,-3.458273637359948083e+00
6.379146737236370157e+00,-1.227449212170220605e+01
4.663372393650941916e+00,-1.401496032250176427e+01
-3.730341614767739511e+00,-3.150642630332884941e+00
1.211696797136114778e+00,-6.253927248190105814e+00
9.516290867949180665e+00,-1.369244013001733151e+01
1.511180470907418893e+01,5.900070430265618171e-01
-6.205191179323269246e+00,5.831109673455835640e+00
-1.022313352843595702e+01,-1.491810035155027236e+01
-1.722558484973088255e+01,6.678939900434448518e+00
-2.279983749607051635e+00,-1.304357468765790884e+01
-5.938686797626202107e+00,1.361641143297242396e+00
-9.122780349708722980e+00,1.503474868596125447e+01
1.159384024274925373e+01,2.629600295287595202e+00
2.101642904962862435e+00,-1.765322296561977256e+00
-4.645941958218882561e+00,-9.085630611373657572e+00
-4.044959571225110295e+00,3.995607719408035940e+00
-2.954438907379354440e+00,7.347561004423623032e+00
5.763493021055047016e+00,-3.515126459869121867e+00
-2.651471824559235024e+00,2.130925689675019719e+00
-3.080769711244027764e+00,-5.120482626417760308e+00
-5.679478104633275848e+00,3.136102432759743763e+00
-3.469405049323934787e-01,3.510738167594952053e+00
8.969988121798098124e-01,5.550680761344755965e+00
3.756527397806642909e+00,8.522558816623873046e-01
4.309993252651766582e+00,-6.778621481953518435e-01
4.901733074208671770e-01,3.652110236652285735e+00
2.679924473737431256e+00,2.502526786682808257e-01
2.721694389530707525e+00,2.305290311914978574e+00
3.718706727068276319e+00,5.647981816539638267e+00
-1.494972611619339364e+00,-4.561495918304168562e+00
-4.570626416293935179e+00,-3.100639956960383081e+00
-2.317922105286782219e+00,-2.966692208722109481e+00
3.279462169181381892e+00,-5.721704989474491576e+00
-2.490380870329958363e+00,1.853073008682879275e+00
-9.782122832692703440e-01,4.966641795082704647e+00
2.992611632394148735e-01,-1.912762783483925144e+00
-5.052408685516451392e+00,-3.220071133183262102e+00
-3.911587025595345546e-01,-2.311131574140094624e+00
-7.516614344651615376e-01,1.699623150194114363e+00
-8.579796338087047891e-01,-1.436417799379958726e+00
1.780007508138792716e+00,-1.115060735128404978e+00
-2.881673041556323422e+00,-7.240939188567521168e-01
2.239652862416679380e+00,9.488979823372999389e-01
1.238773362270940481e+00,-2.792639479440440997e+00
-8.383234804338147939e+00,2.781746334320267522e-03
2.934577769387999524e+00,-2.912113266389007915e+00
6.123726404181232041e+00,2.006746030224274335e+00
-1.866742082795000979e+00,6.548289880305499189e+00
-4.481981991072156113e+00,-1.359828937790719117e+00
8.325638841489725550e+00,-2.943665020373232633e+00
4.069355492058211787e+00,5.519635979428649364e+00
-1.992597063164605276e+00,9.224857415220322210e+00
-1.238776531385738444e+01,3.863749706230352743e+00
-3.372959914214765931e+00,7.920149736421828734e+00
-9.215251168931862580e+00,-9.079666680508539756e+00
1.707790883980299412e+01,-1.648526523894157769e+00
-1.798296241408899210e+00,-8.189497104959754026e+00
1.492846299088318673e+00,4.483993238842638007e+00
5.038960163715096030e+00,4.236027001156154270e+00
-6.227159050470745250e+00,-3.138026856142439591e+00
-6.291136811936339335e+00,4.673603214834602504e+00
5.952437620489968495e+00,-4.600152690322749649e-01
5.993650539816017364e+00,4.301786607503777837e+00
8.133550495503532929e+00,2.531889425338791355e-01
1.201568918449406054e+00,-5.489173201547917991e+00
4.124522074608347744e+00,-1.352058283774466130e+00
5.805567250360417653e+00,2.085429122006333458e+00
5.085956620249605820e+00,1.586781001647554756e-01
1.852936343534467678e+00,-7.747725518146435064e+00
1.417894123600467626e+00,-9.258220522054216417e+00
2.432498110859051543e+00,-9.399864414477612229e+00
-1.588646641401499471e+00,-3.908905170750580638e+00
-1.945756601250188123e+00,-2.944322253677725598e+00
1.213513993014327275e+00,-1.178667940754445587e+00
-2.853297255259779064e-02,-5.808119106074245863e+00
-1.370948705554959623e-01,-3.225244156755208813e+00
-2.912528732549865218e+00,-3.460777023758681015e-01
-1.052051514795455489e+01,-1.228084112089423030e+00
1.289219008535815059e+00,-1.083923242617965244e+00
-3.999351236817719091e+00,4.718604732513549394e+00
-3.037423813017733565e+00,3.276108063899674239e+00
-6.666579958271293016e+00,1.458886601878381262e+00
-6.964167185656716441e+00,8.916335375593420487e-02
-2.285777255821438647e+00,2.462676258233706506e+00
1.560468389218726770e+00,1.228855815926633621e+00
-5.135194518362728999e-02,-3.560010073682464693e+00
-9.234649686465363772e+00,-1.512088633273081406e+00
-7.056516805131206382e+00,-1.780365038643572095e+00
-1.076252006451479115e-01,2.318176830933255772e+00
-2.611002180551892149e+00,-2.214443047109321050e+00
-2.979684540728723796e+00,-6.847753231324419154e+00
1.464250185112807578e+00,-6.275796712037220892e+00
-2.771535883085396001e+00,-4.488339442724125661e+00
-1.709402168258240984e+00,-7.485047730768963348e-01
4.877109150782676927e+00,-2.773396495597974187e+00
8.947284836962456467e+00,6.416561609660966781e+00
-4.961545934448751138e-01,-9.800941052920369989e-02
-6.287038507153717148e+00,3.165432470284563315e+00
-7.131619893158577028e+00,-7.236361122514931132e+00
-4.422488014692398828e+00,1.118138119848514300e+00
7.475345442875992674e+00,-5.249765220355185669e+00
3.218469308033459875e+00,5.608811362480025764e+00
2.448898282185545838e+00,-3.506144399238419584e+00
-3.543066052100951602e+00,2.739978012164891563e+00
-2.649328695126815236e-01,-1.247406914383521137e+00
2.066671377432907519e+00,-3.449218347243790950e-01
1.294150742301860557e+00,6.266539438393988526e+00
1.154461770896372030e+01,-1.816569777550665066e+00
-2.334159472938456048e+00,-5.124226501331269112e+00
-7.194749984276404220e+00,1.277463165931856270e+00
2.187583351321142899e+00,4.633161229494538347e+00
-2.281660921249341278e+00,1.440721364119770032e+00
3.560870048616040950e+00,-1.026600680143294753e+00
-3.324776000468958159e+00,2.839215054947207495e+00
3.274468599264368507e-01,4.920180938952626981e+00
-2.033410050499654620e+00,7.596312487468684260e+00
-3.005275879464280653e+00,2.216180954046281126e+00
-1.710780041752897052e-01,3.801610768585577116e-01
-3.872455777687429102e+00,2.823288205645453797e+00
1.855783684768019803e-03,-1.002481684909848569e+00
-6.503214483530760148e+00,2.304481550981699822e+00
7.169468230948728982e-01,-2.016730476691966256e+00
-6.718199571571807915e-01,3.214147219083353102e-01
1.548470206194577425e+00,4.342168031696535396e-02
-4.904634092136401335e+00,-2.828456217465612710e+00
-2.468385388393468549e+00,-1.757180417554392360e+00
-4.335569192772932290e+00,-4.544920880366283278e+00
2.246722393001814755e+00,-4.296908168594609556e+00
4.093044497302800622e+00,-3.307294658504894347e+00
-4.103223059478682266e+00,-1.670352452721134418e+00
1.844307026084137879e+00,-1.891537155893422861e+00
4.378568895175162012e+00,-3.626732743168283868e+00
5.717718141683084454e+00,-3.137245961452044263e-01
-4.281719514294556106e+00,3.647489720087524034e+00
-3.064765835992445120e-01,-2.487485829092090928e+00
4.535925210314672107e+00,1.497901129485571747e+00
5.149853234104253552e-01,6.399517985825691646e+00
-6.720345291637091378e+00,2.922176635873277029e-01
3.678614476467280792e+00,-2.298532133020665391e-01
-1.793985662515454660e+00,2.738293237800904834e+00
-6.703250707484690984e+00,4.654057905304179954e+00
1.168885859526429538e-01,-4.189371941249099507e+00
-2.528566373846487636e+00,-3.580391332489289979e+00
4.966528543700490239e+00,-1.245687866548255762e+01
4.541419025265124532e+00,5.344193516423999313e+00
6.721712453713942992e+00,1.920587714186348993e+00
-5.659942625255556692e+00,7.093096132942852350e+00
1.496113194611930819e+00,-1.609679518389981689e+00
-4.874732838136555557e+00,6.045480606675489810e+00
3.818434023558707757e-01,-5.520658209862197019e+00
-6.042219565271429449e-01,1.984945286544617771e+00
-1.489503104927118127e+00,1.997182820318285923e-01
-2.028819525068466856e+00,-1.342042701642659264e+00
-1.002893444914254495e+01,5.008478318488812420e+00
5.311079309545156057e+00,3.919074666891305458e+00
-6.863188982669484517e+00,-2.926542091130903689e+00
-5.153343111487335371e+00,6.619540212149871650e+00
4.991350065551772630e+00,7.943088009754196932e+00
-6.275679652275741871e-01,-1.818571025860781232e+00
2.441347228316441687e+00,-4.758312143688305795e+00
-3.734540295371970409e+00,-6.139698389114734978e-01
-1.835882121696155833e+00,1.492642000436718464e+00
2.929303172842212533e+00,-5.838526557844514464e-02
1.733188411228801407e+00,-4.650858247951740410e+00
1.420840694597297560e+00,-3.879592892965647355e+00
-7.999339052493653623e-01,-1.279570674065956037e+00
-2.295782119680024880e-01,1.993444371827306494e+00
-3.100650028931521085e+00,-3.581507111804915766e-02
3.135464923511853019e+00,2.723573049230533893e+00
5.398712848882381010e+00,-3.219628730933500549e+00
9.600121040873683675e-01,-2.986800473903161279e+00
3.693850103170618127e+00,-1.003485276622212874e+00
-1.724719463981925216e-01,6.587528655857413540e+00
1.089157453516370389e+00,1.960631241576079375e+00
1.828281490951288557e+00,-2.529569417719419011e+00
2.037642758700763501e+00,-2.711586603698963316e+00
-3.200207699137143535e+00,8.162878389272540947e-01
-6.333661666127788692e+00,4.208856492758009438e+00
-1.805628323474322450e+00,-1.048099609044480518e-01
7.835405318574703015e-01,-1.910463008367637272e+00
-5.245737652930485773e+00,3.376448569358409202e+00
9.156051432726113326e-01,-5.971773156383736181e-01
3.116768233198700777e+00,-1.879923058833415705e+00
2.197625557645767280e+00,8.112898818032211468e-01
1.099259467594155826e+00,-2.923598190610930736e+00
4.039521347107861260e+00,-5.510977639036825915e-01
8.883226082265240908e-01,-1.384450382691933434e+00
1.386224627954629973e+00,1.369762471953412053e+00
2.400167252519660899e+00,1.227551448338247031e+00
-7.361364385323193815e+00,3.319768292353837413e+00
-3.021237951245213438e+00,-1.036855033467196652e+00
-5.773003098933075172e+00,1.440921205111933334e+00
2.818239101718973405e+00,-2.977792032715248283e+00
-2.485807085965790364e+00,-1.875112298564270752e+00
4.246941868988313828e+00,2.204966546526330173e+00
-2.661877172476547759e+00,4.420392459990504896e+00
3.565543927064651619e-02,-2.795914597814924463e+00
-1.625869013473230762e+00,-2.049805949072861511e-01
-2.469922839789010283e+00,-4.709162776081279311e-01
1.613223532693897955e+00,2.527148442581782728e+00
-3.176138327263680949e+00,2.029368752255796160e+00
4.452120708246789071e+00,5.083110042293125019e+00
1.750257561586284316e+00,-5.879633227679418539e+00
-9.267279554776790551e-01,-4.614395067252837102e+00
4.765904586767935491e+00,6.397461254165863753e-01
4.543376854404763687e-01,-5.292842075593950035e+00
-6.122825784032852603e-01,-1.952848307204892775e+00
-3.266148762040292919e-01,1.284988836591611339e+00
-3.959506777042716141e-01,-1.033450860080789568e-02
2.103690386082758046e+00,2.321967274465205566e+00
-3.417806354670252844e+00,-1.014321540991142800e+00
-3.775788265838877500e+00,-1.189596008201525335e+00
-9.491574261012487579e-01,2.322137840804906705e+00
1.834503081893226639e+00,2.839170426168796890e+00
-4.386429410935996365e-01,-1.766985648620933436e-01
1.152616506109592764e+00,1.873391398229515170e+00
5.671199056596493149e-01,-2.716890002949479133e-02
-4.821060968867439733e+00,-1.354438361533314428e-01
-9.659807669135238584e-01,1.008530375831649950e+00
2.093979528590115269e-01,1.626092788583846538e+00
5.804966722209645713e-01,7.376525257486574172e-02
-1.272627841078618038e+00,-1.942084095822345091e+00
-2.735902650261709645e+00,-1.578577962498671106e+00
8.806517111254750230e-01,1.442474074063354150e+00
1.555120189265226660e+00,3.237606892760754640e+00
5.164478396110896874e+00,1.579180902158977551e+00
3.601920973280317462e+00,-7.977094745306967383e-02
-2.721033606411932038e+00,8.976236729769464517e-01
9.045405493128833019e-01,8.267147472672717878e-01
8.860641706716935184e-01,-5.786962638245963797e-01
-2.248511786203871932e+00,1.849426962382968997e-01
-1.247440553839824773e+00,-6.714283696282166147e-01
-2.353775476043232118e+00,-2.462159784507806926e-01
-1.076469873055565962e+00,-2.289106037772529412e+00
7.395806907029582877e-01,-4.486918820933280538e-02
2.867857998145327603e+00,-5.230133269563771448e-01
-4.053677873135113630e-01,5.383865180138827089e-01
2.360769887051162641e+00,1.366888027608402556e+00
4.193909457745221836e-01,2.895966398169427247e+00
1.121111987492179551e+00,-9.935306137646942037e-01
-5.347088559039481215e-01,-4.051028387556184107e+00
8.575859410880320999e-02,-7.072932235857648520e-01
-1.259766860232375718e+00,-1.723834186788617107e+00
3.847535345633937842e-01,-7.180036688571642678e-01
-1.477740498901711330e+00,1.527455954690094542e-01
7.002182596166000028e-01,-1.289285967253944731e+00
9.567234306920326947e-01,-3.240838497556017828e-01
1.391998477798473743e+00,-2.012809552413949987e+00
1.077738941604188261e-01,1.149250986059400459e+00
-9.409603233774908038e-01,-1.878232096613230429e+00
-2.464918966511643550e+00,-6.699742188559357770e-01
-2.064902571803973963e+00,2.528577802521893680e+00
7.427769930002600107e-01,-7.950557212479714142e-01
-7.101206127612872399e-01,1.801037269764913518e+00
-2.458505628516270303e+00,2.150096149274951518e+00
-2.914104646227199114e-01,-1.225750246296131385e+00
-1.362799024125750380e-01,1.226727036390387715e+00
6.072955695111919017e-01,1.045101539921044598e+00
-7.664760852733661922e-01,1.120653313549651919e+00
1.355251807421298527e-01,4.637506082609096913e-01
2.994799510800995268e+00,-3.561913374794263287e-01
9.620659680304366468e-02,-2.178298334554222837e+00
4.447751328999465792e-01,2.585655606767611747e-01
4.098958449285226568e-01,1.125230716611826109e-01
-2.400909144491704339e+00,-6.049601944550061505e-01
5.047728772123947216e-01,8.168805384893040866e-01
5.336590646724373999e-01,-2.209276105527704925e-02
-5.296185808776950887e-01,-1.029954702477669848e+00
-7.274205248828329307e-01,1.139341426218187792e-02
-1.516395387713445952e+00,1.560788075432236965e+00
1.070639975305979208e+00,1.926389683083373994e+00
-3.815837044225324770e-01,-1.508479818669228978e+00
2.064056229460508263e+00,-2.342147290199822152e+00
-4.323932060084915152e-01,-1.696571153492286710e+00
-2.902318829859854787e+00,-1.084800492039435404e+00
-3.793643533342956342e-01,2.067365746178455588e+00
-4.763508616211373226e-02,-1.469586300672013623e-01
6.088810712452582541e-01,-1.071192431382410826e+00
1.219974007019922535e+00,1.394185030935814584e+00
-2.375988227763385918e-01,2.414860850586304064e+00
-6.027618308450028994e-01,6.023462887843269442e-01
-8.105599999999689442e-02,-0.000000000000000000e+00
-6.027618308450028994e-01,-6.023462887843269442e-01
-2.375988227763385918e-01,-2.414860850586304064e+00
1.219974007019922535e+00,-1.394185030935814584e+00
6.088810712452582541e-01,1.071192431382410826e+00
-4.763508616211373226e-02,1.469586300672013623e-01
-3.793643533342956342e-01,-2.067365746178455588e+00
-2.902318829859854787e+00,1.084800492039435404e+00
-4.323932060084915152e-01,1.696571153492286710e+00
2.064056229460508263e+00,2.342147290199822152e+00
-3.815837044225324770e-01,1.508479818669228978e+00
1.070639975305979208e+00,-1.926389683083373994e+00
-1.516395387713445952e+00,-1.560788075432236965e+00
-7.274205248828329307e-01,-1.139341426218187792e-02
-5.296185808776950887e-01,1.029954702477669848e+00
5.336590646724373999e-01,2.209276105527704925e-02
5.047728772123947216e-01,-8.168805384893040866e-01
-2.400909144491704339e+00,6.049601944550061505e-01
4.098958449285226568e-01,-1.125230716611826109e-01
4.447751328999465792e-01,-2.585655606767611747e-01
9.620659680304366468e-02,2.178298334554222837e+00
2.994799510800995268e+00,3.561913374794263287e-01
1.355251807421298527e-01,-4.637506082609096913e-01
-7.664760852733661922e-01,-1.120653313549651919e+00
6.072955695111919017e-01,-1.045101539921044598e+00
-1.362799024125750380e-01,-1.226727036390387715e+00
-2.914104646227199114e-01,1.225750246296131385e+00
-2.458505628516270303e+00,-2.150096149274951518e+00
-7.101206127612872399e-01,-1.801037269764913518e+00
7.427769930002600107e-01,7.950557212479714142e-01
-2.064902571803973963e+00,-2.528577802521893680e+00
-2.464918966511643550e+00,6.699742188559357770e-01
-9.409603233774908038e-01,1.878232096613230429e+00
1.077738941604188261e-01,-1.149250986059400459e+00
1.391998477798473743e+00,2.012809552413949987e+00
9.567234306920326947e-01,3.240838497556017828e-01
7.002182596166000028e-01,1.289285967253944731e+00
-1.477740498901711330e+00,-1.527455954690094542e-01
3.847535345633937842e-01,7.180036688571642678e-01
-1.259766860232375718e+00,1.723834186788617107e+00
8.575859410880320999e-02,7.072932235857648520e-01
-5.347088559039481215e-01,4.051028387556184107e+00
1.121111987492179551e+00,9.935306137646942037e-01
4.193909457745221836e-01,-2.895966398169427247e+00
2.360769887051162641e+00,-1.366888027608402556e+00
-4.053677873135113630e-01,-5.383865180138827089e-01
2.867857998145327603e+00,5.230133269563771448e-01
7.395806907029582877e-01,4.486918820933280538e-02
-1.076469873055565962e+00,2.289106037772529412e+00
-2.353775476043232118e+00,2.462159784507806926e-01
-1.247440553839824773e+00,6.714283696282166147e-01
-2.248511786203871932e+00,-1.849426962382968997e-01
8.860641706716935184e-01,5.786962638245963797e-01
9.045405493128833019e-01,-8.267147472672717878e-01
-2.721033606411932038e+00,-8.976236729769464517e-01
3.601920973280317462e+00,7.977094745306967383e-02
5.164478396110896874e+00,-1.579180902158977551e+00
1.555120189265226660e+00,-3.237606892760754640e+00
8.806517111254750230e-01,-1.442474074063354150e+00
-2.735902650261709645e+00,1.578577962498671106e+00
-1.272627841078618038e+00,1.942084095822345091e+00
5.804966722209645713e-01,-7.376525257486574172e-02
2.093979528590115269e-01,-1.626092788583846538e+00
-9.659807669135238584e-01,-1.008530375831649950e+00
-4.821060968867439733e+00,1.354438361533314428e-01
5.671199056596493149e-01,2.716890002949479133e-02
1.152616506109592764e+00,-1.873391398229515170e+00
-4.386429410935996365e-01,1.766985648620933436e-01
1.834503081893226639e+00,-2.839170426168796890e+00
-9.491574261012487579e-01,-2.322137840804906705e+00
-3.775788265838877500e+00,1.189596008201525335e+00
-3.417806354670252844e+00,1.014321540991142800e+00
2.103690386082758046e+00,-2.321967274465205566e+00
-3.959506777042716141e-01,1.033450860080789568e-02
-3.266148762040292919e-01,-1.284988836591611339e+00
-6.122825784032852603e-01,1.952848307204892775e+00
4.543376854404763687e-01,5.292842075593950035e+00
4.765904586767935491e+00,-6.397461254165863753e-01
-9.267279554776790551e-01,4.614395067252837102e+00
1.750257561586284316e+00,5.879633227679418539e+00
4.452120708246789071e+00,-5.083110042293125019e+00
-3.176138327263680949e+00,-2.029368752255796160e+00
1.613223532693897955e+00,-2.527148442581782728e+00
-2.469922839789010283e+00,4.709162776081279311e-01
-1.625869013473230762e+00,2.049805949072861511e-01
3.565543927064651619e-02,2.795914597814924463e+00
-2.661877172476547759e+00,-4.420392459990504896e+00
4.246941868988313828e+00,-2.204966546526330173e+00
-2.485807085965790364e+00,1.875112298564270752e+00
2.818239101718973405e+00,2.977792032715248283e+00
-5.773003098933075172e+00,-1.440921205111933334e+00
-3.021237951245213438e+00,1.036855033467196652e+00
-7.361364385323193815e+00,-3.319768292353837413e+00
2.400167252519660899e+00,-1.227551448338247031e+00
1.386224627954629973e+00,-1.369762471953412053e+00
8.883226082265240908e-01,1.384450382691933434e+00
4.039521347107861260e+00,5.510977639036825915e-01
1.099259467594155826e+00,2.923598190610930736e+00
2.197625557645767280e+00,-8.112898818032211468e-01
3.116768233198700777e+00,1.879923058833415705e+00
9.156051432726113326e-01,5.971773156383736181e-01
-5.245737652930485773e+00,-3.376448569358409202e+00
7.835405318574703015e-01,1.910463008367637272e+00
-1.805628323474322450e+00,1.048099609044480518e-01
-6.333661666127788692e+00,-4.208856492758009438e+00
-3.200207699137143535e+00,-8.162878389272540947e-01
2.037642758700763501e+00,2.711586603698963316e+00
1.828281490951288557e+00,2.529569417719419011e+00
1.089157453516370389e+00,-1.960631241576079375e+00
-1.724719463981925216e-01,-6.587528655857413540e+00
3.693850103170618127e+00,1.003485276622212874e+00
9.600121040873683675e-01,2.986800473903161279e+00
5.398712848882381010e+00,3.219628730933500549e+00
3.135464923511853019e+00,-2.723573049230533893e+00
-3.100650028931521085e+00,3.581507111804915766e-02
-2.295782119680024880e-01,-1.993444371827306494e+00
-7.999339052493653623e-01,1.279570674065956037e+00
1.420840694597297560e+00,3.879592892965647355e+00
1.733188411228801407e+00,4.650858247951740410e+00
2.929303172842212533e+00,5.838526557844514464e-02
-1.835882121696155833e+00,-1.492642000436718464e+00
-3.734540295371970409e+00,6.139698389114734978e-01
2.441347228316441687e+00,4.758312143688305795e+00
-6.275679652275741871e-01,1.818571025860781232e+00
4.991350065551772630e+00,-7.943088009754196932e+00
-5.153343111487335371e+00,-6.619540212149871650e+00
-6.863188982669484517e+00,2.926542091130903689e+00
5.311079309545156057e+00,-3.919074666891305458e+00
-1.002893444914254495e+01,-5.008478318488812420e+00
-2.028819525068466856e+00,1.342042701642659264e+00
-1.489503104927118127e+00,-1.997182820318285923e-01
-6.042219565271429449e-01,-1.984945286544617771e+00
3.818434023558707757e-01,5.520658209862197019e+00
-4.874732838136555557e+00,-6.045480606675489810e+00
1.496113194611930819e+00,1.609679518389981689e+00
-5.659942625255556692e+00,-7.093096132942852350e+00
6.721712453713942992e+00,-1.920587714186348993e+00
4.541419025265124532e+00,-5.344193516423999313e+00
4.966528543700490239e+00,1.245687866548255762e+01
-2.528566373846487636e+00,3.580391332489289979e+00
1.168885859526429538e-01,4.189371941249099507e+00
-6.703250707484690984e+00,-4.654057905304179954e+00
-1.793985662515454660e+00,-2.738293237800904834e+00
3.678614476467280792e+00,2.298532133020665391e-01
-6.720345291637091378e+00,-2.922176635873277029e-01
5.149853234104253552e-01,-6.399517985825691646e+00
4.535925210314672107e+00,-1.497901129485571747e+00
-3.064765835992445120e-01,2.487485829092090928e+00
-4.281719514294556106e+00,-3.647489720087524034e+00
5.717718141683084454e+00,3.137245961452044263e-01
4.378568895175162012e+00,3.626732743168283868e+00
1.844307026084137879e+00,1.891537155893422861e+00
-4.103223059478682266e+00,1.670352452721134418e+00
4.093044497302800622e+00,3.307294658504894347e+00
2.246722393001814755e+00,4.296908168594609556e+00
-4.335569192772932290e+00,4.544920880366283278e+00
-2.468385388393468549e+00,1.757180417554392360e+00
-4.904634092136401335e+00,2.828456217465612710e+00
1.548470206194577425e+00,-4.342168031696535396e-02
-6.718199571571807915e-01,-3.214147219083353102e-01
7.169468230948728982e-01,2.016730476691966256e+00
-6.503214483530760148e+00,-2.304481550981699822e+00
1.855783684768019803e-03,1.002481684909848569e+00
-3.872455777687429102e+00,-2.823288205645453797e+00
-1.710780041752897052e-01,-3.801610768585577116e-01
-3.005275879464280653e+00,-2.216180954046281126e+00
-2.033410050499654620e+00,-7.596312487468684260e+00
3.274468599264368507e-01,-4.920180938952626981e+00
-3.324776000468958159e+00,-2.839215054947207495e+00
3.560870048616040950e+00,1.026600680143294753e+00
-2.281660921249341278e+00,-1.440721364119770032e+00
2.187583351321142899e+00,-4.633161229494538347e+00
-7.194749984276404220e+00,-1.277463165931856270e+00
-2.334159472938456048e+00,5.124226501331269112e+00
1.154461770896372030e+01,1.816569777550665066e+00
1.294150742301860557e+00,-6.266539438393988526e+00
2.066671377432907519e+00,3.449218347243790950e-01
-2.649328695126815236e-01,1.247406914383521137e+00
-3.543066052100951602e+00,-2.739978012164891563e+00
2.448898282185545838e+00,3.506144399238419584e+00
3.218469308033459875e+00,-5.608811362480025764e+00
7.475345442875992674e+00,5.249765220355185669e+00
-4.422488014692398828e+00,-1.118138119848514300e+00
-7.131619893158577028e+00,7.236361122514931132e+00
-6.287038507153717148e+00,-3.165432470284563315e+00
-4.961545934448751138e-01,9.800941052920369989e-02
8.947284836962456467e+00,-6.416561609660966781e+00
4.877109150782676927e+00,2.773396495597974187e+00
-1.709402168258240984e+00,7.485047730768963348e-01
-2.771535883085396001e+00,4.488339442724125661e+00
1.464250185112807578e+00,6.275796712037220892e+00
-2.979684540728723796e+00,6.847753231324419154e+00
-2.611002180551892149e+00,2.214443047109321050e+00
-1.076252006451479115e-01,-2.318176830933255772e+00
-7.056516805131206382e+00,1.780365038643572095e+00
-9.234649686465363772e+00,1.512088633273081406e+00
-5.135194518362728999e-02,3.560010073682464693e+00
1.560468389218726770e+00,-1.228855815926633621e+00
-2.285777255821438647e+00,-2.462676258233706506e+00
-6.964167185656716441e+00,-8.916335375593420487e-02
-6.666579958271293016e+00,-1.458886601878381262e+00
-3.037423813017733565e+00,-3.276108063899674239e+00
-3.999351236817719091e+00,-4.718604732513549394e+00
1.289219008535815059e+00,1.083923242617965244e+00
-1.052051514795455489e+01,1.228084112089423030e+00
-2.912528732549865218e+00,3.460777023758681015e-01
-1.370948705554959623e-01,3.225244156755208813e+00
-2.853297255259779064e-02,5.808119106074245863e+00
1.213513993014327275e+00,1.178667940754445587e+00
-1.945756601250188123e+00,2.944322253677725598e+00
-1.588646641401499471e+00,3.908905170750580638e+00
2.432498110859051543e+00,9.399864414477612229e+00
1.417894123600467626e+00,9.258220522054216417e+00
1.852936343534467678e+00,7.747725518146435064e+00
5.085956620249605820e+00,-1.586781001647554756e-01
5.805567250360417653e+00,-2.085429122006333458e+00
4.124522074608347744e+00,1.352058283774466130e+00
1.201568918449406054e+00,5.489173201547917991e+00
8.133550495503532929e+00,-2.531889425338791355e-01
5.993650539816017364e+00,-4.301786607503777837e+00
5.952437620489968495e+00,4.600152690322749649e-01
-6.291136811936339335e+00,-4.673603214834602504e+00
-6.227159050470745250e+00,3.138026856142439591e+00
5.038960163715096030e+00,-4.236027001156154270e+00
1.492846299088318673e+00,-4.483993238842638007e+00
-1.798296241408899210e+00,8.189497104959754026e+00
1.707790883980299412e+01,1.648526523894157769e+00
-9.215251168931862580e+00,9.079666680508539756e+00
-3.372959914214765931e+00,-7.920149736421828734e+00
-1.238776531385738444e+01,-3.863749706230352743e+00
-1.992597063164605276e+00,-9.224857415220322210e+00
4.069355492058211787e+00,-5.519635979428649364e+00
8.325638841489725550e+00,2.943665020373232633e+00
-4.481981991072156113e+00,1.359828937790719117e+00
-1.866742082795000979e+00,-6.548289880305499189e+00
6.123726404181232041e+00,-2.006746030224274335e+00
2.934577769387999524e+00,2.912113266389007915e+00
-8.383234804338147939e+00,-2.781746334320267522e-03
1.238773362270940481e+00,2.792639479440440997e+00
2.239652862416679380e+00,-9.488979823372999389e-01
-2.881673041556323422e+00,7.240939188567521168e-01
1.780007508138792716e+00,1.115060735128404978e+00
-8.579796338087047891e-01,1.436417799379958726e+00
-7.516614344651615376e-01,-1.699623150194114363e+00
-3.911587025595345546e-01,2.311131574140094624e+00
-5.052408685516451392e+00,3.220071133183262102e+00
2.992611632394148735e-01,1.912762783483925144e+00
-9.782122832692703440e-01,-4.966641795082704647e+00
-2.490380870329958363e+00,-1.853073008682879275e+00
3.279462169181381892e+00,5.721704989474491576e+00
-2.317922105286782219e+00,2.966692208722109481e+00
-4.570626416293935179e+00,3.100639956960383081e+00
-1.494972611619339364e+00,4.561495918304168562e+00
3.718706727068276319e+00,-5.647981816539638267e+00
2.721694389530707525e+00,-2.305290311914978574e+00
2.679924473737431256e+00,-2.502526786682808257e-01
4.901733074208671770e-01,-3.652110236652285735e+00
4.309993252651766582e+00,6.778621481953518435e-01
3.756527397806642909e+00,-8.522558816623873046e-01
8.969988121798098124e-01,-5.550680761344755965e+00
-3.469405049323934787e-01,-3.510738167594952053e+00
-5.679478104633275848e+00,-3.136102432759743763e+00
-3.080769711244027764e+00,5.120482626417760308e+00
-2.651471824559235024e+00,-2.130925689675019719e+00
5.763493021055047016e+00,3.515126459869121867e+00
-2.954438907379354440e+00,-7.347561004423623032e+00
-4.044959571225110295e+00,-3.995607719408035940e+00
-4.645941958218882561e+00,9.085630611373657572e+00
2.101642904962862435e+00,1.765322296561977256e+00
1.159384024274925373e+01,-2.629600295287595202e+00
-9.122780349708722980e+00,-1.503474868596125447e+01
-5.938686797626202107e+00,-1.361641143297242396e+00
-2.279983749607051635e+00,1.304357468765790884e+01
-1.722558484973088255e+01,-6.678939900434448518e+00
-1.022313352843595702e+01,1.491810035155027236e+01
-6.205191179323269246e+00,-5.831109673455835640e+00
1.511180470907418893e+01,-5.900070430265618171e-01
9.516290867949180665e+00,1.369244013001733151e+01
1.211696797136114778e+00,6.253927248190105814e+00
-3.730341614767739511e+00,3.150642630332884941e+00
4.663372393650941916e+00,1.401496032250176427e+01
6.379146737236370157e+00,1.227449212170220605e+01
-2.321599726156696519e+00,3.458273637359948083e+00
1.361360399972362245e+00,2.074026935789421877e+00
-4.602243494044850891e-01,6.622099136321049073e+00
4.687586023182542583e+00,3.985438308642511807e+00
4.629699958181501707e+00,3.788132596922537676e+00
1.557279443443702505e+00,-8.728457763636129130e+00
3.054887020633213712e+00,-4.314223721013314083e+00
4.731947643144533089e+00,1.143270429591756399e+00
1.656742003029696209e+00,-4.721900703711374270e+00
1.872843926057862873e+00,-3.399266612901638007e-01
-8.112904588022558094e-01,-3.263501220974645456e+00
9.585181846955968865e+00,-4.411921424667932357e+00
1.491395413391571445e+00,-1.123872900501498151e+01
2.333161777027215056e-01,-7.432064476353777316e+00
1.267445139792064079e+00,-6.219919465284734272e+00
-8.859666955539218236e-01,-1.814170374326045021e+01
-1.319728624628498270e+00,-3.093038842556274481e+00
-1.177584501766181901e+01,-4.610501463487301166e+00
-1.937439853887721775e+00,-7.595276399732900252e+00
-6.591728551748874398e-01,6.291497286096733310e-01
-6.253826791507168359e+00,2.528989510301490995e+00
-6.796312483166515150e+00,-4.221356035113320360e+00
-5.929470281023478506e+00,-7.194688549994777915e+00
-2.037314825479666691e+00,2.091635258842322820e+00
-7.962401938946690017e+00,7.734365316939382673e+00
1.219351904521661645e+00,7.979182299483405849e+00
5.321993420706160549e+00,-1.315239707293188509e+00
-2.546124173943565161e+00,-1.367501329671972909e+00
-9.742356458707750022e+00,-3.983952444319112551e+00
1.985716166047738707e+00,7.868169438116400904e+00
-2.043294423340151766e-01,1.301146734594963483e+01
2.940208465532186732e+00,6.118317273162237946e+00
3.734015636270180849e+00,-1.768429933687370337e+00
-6.685578183798671859e+00,7.346907806775842431e+00
-4.835313885996098904e+00,8.408207498735164265e+00
2.844038285697301660e+00,4.279738491268895473e+01
4.066394480467867112e+01,1.226078606501605428e+01
4.968059750548088971e+01,-5.300963473283513849e+01
-3.602199980129798007e+01,-2.436511553937381436e+01
4.302707382225776911e+01,-2.667715912181488846e+01
6.119971110484126342e+00,2.844156489421528988e+01
-1.965509409787600248e+01,1.338310484757667140e+01
-7.606892536224196810e+00,-1.621177744182822344e+00
1.200771905715385390e+00,7.451500782251685884e+00
-8.317865772938533908e+00,6.558583385815028421e+00
-7.000468585839957569e+00,3.102805972295867409e+00
-4.116669306405166928e+00,-1.286376483508633317e-01
-4.605646258807915672e+00,-2.730603960991069834e-01
-4.370853418540733060e+00,-3.090340062871396398e+00
-4.406862865884280112e-01,-3.494742690484129888e+00
-1.174766463216986301e-01,-1.311866541327099789e+00
-9.838232931607919785e-01,-5.320346047298017744e+00
-1.797728228637125003e+00,-4.442556913824247999e+00
-5.205408376153474181e-01,-1.326365996561087002e+00
8.315249780307287786e-02,-1.679850990195549620e+00
-3.268025044582194116e+00,-3.955892605068087597e+00
7.749907725291839133e-01,-4.082796863066724846e+00
2.783741337612802291e-01,-2.042159102222182443e-02
-2.020939292151609834e+00,-8.361579299657675435e-01
9.846739458864045558e-01,-1.165883255097963422e+00
-1.069962026932371968e+00,-1.259727760049025980e+00
4.250721073554952767e-01,-8.638542201245972274e-01
1.432071766555274905e+00,-2.412132530126528396e-01
7.530907901138694793e-01,-6.232448061249590276e-02
1.185992478778758574e+00,-1.903549509080862401e-01
-7.153178000883902987e-01,-8.533932223824974850e-01
5.107860769456218364e-01,-2.830235444295164382e-01
1.166014975836124457e+00,-7.409759327096143711e-02
-4.913461728838564024e-01,-5.580632037072972285e-01
2.172863491210479392e-01,-7.103762007885611185e-01
1.264286981300461188e-01,-4.080169471283779381e-01
-1.055392124334984111e-01,8.416138330239202048e-02
2.022362536131741551e-01,-1.264774682867647881e-01
5.066035734863971740e-02,-1.243203624429655374e+00
-3.977530884599977945e-01,3.669475031039182156e-01
-1.120540387047390229e+00,3.383423724513959785e-01
-3.413127098266807713e-01,-2.092262799182848521e-01
-9.830895136047663740e-01,-4.679578193906422934e-01
-6.693113009924543944e-01,-8.197761282134269356e-02
-2.457476419488977548e-01,2.018263292336085202e-01
-1.805169692884782962e-01,2.207483555302470687e-02
-4.303748646620972340e-01,-2.211780660390223752e-01
-7.312369431889480520e-01,-2.897142194692128303e-01
-5.051304299993978342e-01,3.239881728958362017e-01
-8.354675101544970506e-01,2.171065284659875194e-01
